912695924 1134501243 1381017109 1649528539 1925960786 2158815033 2388912956 2563311029 2670502723 2729349100 2729349100 2670502723 2563311029 2388912956 2158815033 1925960786 1649528539 1381017109 1134501243 912695924 
1134501243 1317977954 1559897458 1785670882 1984588630 2136242700 2290708139 2379978596 2442617321 2482411519 2482411519 2442617321 2379978596 2290708139 2136242700 1984588630 1785670882 1559897458 1317977954 1134501243 
1381017109 1559897458 1736578502 1877912794 2004676864 2101872657 2163324456 2204425369 2234663641 2250225592 2250225592 2234663641 2204425369 2163324456 2101872657 2004676864 1877912794 1736578502 1559897458 1381017109 
1649528539 1785670882 1877912794 1902627934 1981195045 2022001027 2060810067 2075693085 2074535267 2084619802 2084619802 2074535267 2075693085 2060810067 2022001027 1981195045 1902627934 1877912794 1785670882 1649528539 
1925960786 1984588630 2004676864 1981195045 1930486086 1945447025 1947693504 1936525683 1928979107 1929041712 1929041712 1928979107 1936525683 1947693504 1945447025 1930486086 1981195045 2004676864 1984588630 1925960786 
2158815033 2136242700 2101872657 2022001027 1945447025 1869220530 1838960375 1822896510 1815877350 1803261235 1803261235 1815877350 1822896510 1838960375 1869220530 1945447025 2022001027 2101872657 2136242700 2158815033 
2388912956 2290708139 2163324456 2060810067 1947693504 1838960375 1722250894 1712053604 1701221095 1688659352 1688659352 1701221095 1712053604 1722250894 1838960375 1947693504 2060810067 2163324456 2290708139 2388912956 
2563311029 2379978596 2204425369 2075693085 1936525683 1822896510 1712053604 1620327696 1605925196 1593457674 1593457674 1605925196 1620327696 1712053604 1822896510 1936525683 2075693085 2204425369 2379978596 2563311029 
2670502723 2442617321 2234663641 2074535267 1928979107 1815877350 1701221095 1605925196 1528569356 1511703386 1511703386 1528569356 1605925196 1701221095 1815877350 1928979107 2074535267 2234663641 2442617321 2670502723 
2729349100 2482411519 2250225592 2084619802 1929041712 1803261235 1688659352 1593457674 1511703386 1441865070 1441865070 1511703386 1593457674 1688659352 1803261235 1929041712 2084619802 2250225592 2482411519 2729349100 
2729349100 2482411519 2250225592 2084619802 1929041712 1803261235 1688659352 1593457674 1511703386 1441865070 1441865070 1511703386 1593457674 1688659352 1803261235 1929041712 2084619802 2250225592 2482411519 2729349100 
2670502723 2442617321 2234663641 2074535267 1928979107 1815877350 1701221095 1605925196 1528569356 1511703386 1511703386 1528569356 1605925196 1701221095 1815877350 1928979107 2074535267 2234663641 2442617321 2670502723 
2563311029 2379978596 2204425369 2075693085 1936525683 1822896510 1712053604 1620327696 1605925196 1593457674 1593457674 1605925196 1620327696 1712053604 1822896510 1936525683 2075693085 2204425369 2379978596 2563311029 
2388912956 2290708139 2163324456 2060810067 1947693504 1838960375 1722250894 1712053604 1701221095 1688659352 1688659352 1701221095 1712053604 1722250894 1838960375 1947693504 2060810067 2163324456 2290708139 2388912956 
2158815033 2136242700 2101872657 2022001027 1945447025 1869220530 1838960375 1822896510 1815877350 1803261235 1803261235 1815877350 1822896510 1838960375 1869220530 1945447025 2022001027 2101872657 2136242700 2158815033 
1925960786 1984588630 2004676864 1981195045 1930486086 1945447025 1947693504 1936525683 1928979107 1929041712 1929041712 1928979107 1936525683 1947693504 1945447025 1930486086 1981195045 2004676864 1984588630 1925960786 
1649528539 1785670882 1877912794 1902627934 1981195045 2022001027 2060810067 2075693085 2074535267 2084619802 2084619802 2074535267 2075693085 2060810067 2022001027 1981195045 1902627934 1877912794 1785670882 1649528539 
1381017109 1559897458 1736578502 1877912794 2004676864 2101872657 2163324456 2204425369 2234663641 2250225592 2250225592 2234663641 2204425369 2163324456 2101872657 2004676864 1877912794 1736578502 1559897458 1381017109 
1134501243 1317977954 1559897458 1785670882 1984588630 2136242700 2290708139 2379978596 2442617321 2482411519 2482411519 2442617321 2379978596 2290708139 2136242700 1984588630 1785670882 1559897458 1317977954 1134501243 
912695924 1134501243 1381017109 1649528539 1925960786 2158815033 2388912956 2563311029 2670502723 2729349100 2729349100 2670502723 2563311029 2388912956 2158815033 1925960786 1649528539 1381017109 1134501243 912695924 
