2729772 3321745 4423207 5172708 6214709 6787111 7546991 7698195 8026228 7698195 7546991 6787111 6214709 5172708 4423207 3321745 2729772 
3321745 4154744 4902942 5645569 6066282 6585942 6696728 7043613 6979974 7043613 6696728 6585942 6066282 5645569 4902942 4154744 3321745 
4423207 4902942 5398434 5698779 6008042 5968374 6238929 6184683 6168324 6184683 6238929 5968374 6008042 5698779 5398434 4902942 4423207 
5172708 5645569 5698779 5631706 5637303 5789763 5711000 5744210 5753028 5744210 5711000 5789763 5637303 5631706 5698779 5645569 5172708 
6214709 6066282 6008042 5637303 5458438 5376329 5277146 5249962 5238682 5249962 5277146 5376329 5458438 5637303 6008042 6066282 6214709 
6787111 6585942 5968374 5789763 5376329 5004212 4980128 4967515 4896356 4967515 4980128 5004212 5376329 5789763 5968374 6585942 6787111 
7546991 6696728 6238929 5711000 5277146 4980128 4606140 4589414 4522152 4589414 4606140 4980128 5277146 5711000 6238929 6696728 7546991 
7698195 7043613 6184683 5744210 5249962 4967515 4589414 4285344 4289232 4285344 4589414 4967515 5249962 5744210 6184683 7043613 7698195 
8026228 6979974 6168324 5753028 5238682 4896356 4522152 4289232 4067152 4289232 4522152 4896356 5238682 5753028 6168324 6979974 8026228 
7698195 7043613 6184683 5744210 5249962 4967515 4589414 4285344 4289232 4285344 4589414 4967515 5249962 5744210 6184683 7043613 7698195 
7546991 6696728 6238929 5711000 5277146 4980128 4606140 4589414 4522152 4589414 4606140 4980128 5277146 5711000 6238929 6696728 7546991 
6787111 6585942 5968374 5789763 5376329 5004212 4980128 4967515 4896356 4967515 4980128 5004212 5376329 5789763 5968374 6585942 6787111 
6214709 6066282 6008042 5637303 5458438 5376329 5277146 5249962 5238682 5249962 5277146 5376329 5458438 5637303 6008042 6066282 6214709 
5172708 5645569 5698779 5631706 5637303 5789763 5711000 5744210 5753028 5744210 5711000 5789763 5637303 5631706 5698779 5645569 5172708 
4423207 4902942 5398434 5698779 6008042 5968374 6238929 6184683 6168324 6184683 6238929 5968374 6008042 5698779 5398434 4902942 4423207 
3321745 4154744 4902942 5645569 6066282 6585942 6696728 7043613 6979974 7043613 6696728 6585942 6066282 5645569 4902942 4154744 3321745 
2729772 3321745 4423207 5172708 6214709 6787111 7546991 7698195 8026228 7698195 7546991 6787111 6214709 5172708 4423207 3321745 2729772 
