500 806 1165 1359 1631 1639 1639 1631 1359 1165 806 500 
806 1072 1273 1275 1354 1320 1320 1354 1275 1273 1072 806 
1165 1273 1228 1120 1148 1166 1166 1148 1120 1228 1273 1165 
1359 1275 1120 1102 1117 1127 1127 1117 1102 1120 1275 1359 
1631 1354 1148 1117 910 940 940 910 1117 1148 1354 1631 
1639 1320 1166 1127 940 908 908 940 1127 1166 1320 1639 
1639 1320 1166 1127 940 908 908 940 1127 1166 1320 1639 
1631 1354 1148 1117 910 940 940 910 1117 1148 1354 1631 
1359 1275 1120 1102 1117 1127 1127 1117 1102 1120 1275 1359 
1165 1273 1228 1120 1148 1166 1166 1148 1120 1228 1273 1165 
806 1072 1273 1275 1354 1320 1320 1354 1275 1273 1072 806 
500 806 1165 1359 1631 1639 1639 1631 1359 1165 806 500 
