11892 16488 23024 27494 32163 34760 36977 36977 34760 32163 27494 23024 16488 11892 
16488 21100 25812 27610 30144 30457 31187 31187 30457 30144 27610 25812 21100 16488 
23024 25812 26074 26810 26827 27181 27070 27070 27181 26827 26810 26074 25812 23024 
27494 27610 26810 25310 25328 25094 25152 25152 25094 25328 25310 26810 27610 27494 
32163 30144 26827 25328 23176 22659 22501 22501 22659 23176 25328 26827 30144 32163 
34760 30457 27181 25094 22659 21612 21035 21035 21612 22659 25094 27181 30457 34760 
36977 31187 27070 25152 22501 21035 18876 18876 21035 22501 25152 27070 31187 36977 
36977 31187 27070 25152 22501 21035 18876 18876 21035 22501 25152 27070 31187 36977 
34760 30457 27181 25094 22659 21612 21035 21035 21612 22659 25094 27181 30457 34760 
32163 30144 26827 25328 23176 22659 22501 22501 22659 23176 25328 26827 30144 32163 
27494 27610 26810 25310 25328 25094 25152 25152 25094 25328 25310 26810 27610 27494 
23024 25812 26074 26810 26827 27181 27070 27070 27181 26827 26810 26074 25812 23024 
16488 21100 25812 27610 30144 30457 31187 31187 30457 30144 27610 25812 21100 16488 
11892 16488 23024 27494 32163 34760 36977 36977 34760 32163 27494 23024 16488 11892 
