17210372 22038667 27585497 33297967 39005536 43698287 47802996 50523766 51882224 51882224 50523766 47802996 43698287 39005536 33297967 27585497 22038667 17210372 
22038667 26149030 31443292 35529072 39509065 42006065 44354378 45609010 46406733 46406733 45609010 44354378 42006065 39509065 35529072 31443292 26149030 22038667 
27585497 31443292 34525524 37018204 38906325 39889177 40840425 41189746 41647122 41647122 41189746 40840425 39889177 38906325 37018204 34525524 31443292 27585497 
33297967 35529072 37018204 36572624 37502761 38188359 38279904 38320928 38335493 38335493 38320928 38279904 38188359 37502761 36572624 37018204 35529072 33297967 
39005536 39509065 38906325 37502761 36101138 36072885 35443356 35387681 35116565 35116565 35387681 35443356 36072885 36101138 37502761 38906325 39509065 39005536 
43698287 42006065 39889177 38188359 36072885 33866342 33276189 33130632 32917376 32917376 33130632 33276189 33866342 36072885 38188359 39889177 42006065 43698287 
47802996 44354378 40840425 38279904 35443356 33276189 31367834 30978935 30701295 30701295 30978935 31367834 33276189 35443356 38279904 40840425 44354378 47802996 
50523766 45609010 41189746 38320928 35387681 33130632 30978935 29070268 28834346 28834346 29070268 30978935 33130632 35387681 38320928 41189746 45609010 50523766 
51882224 46406733 41647122 38335493 35116565 32917376 30701295 28834346 27204158 27204158 28834346 30701295 32917376 35116565 38335493 41647122 46406733 51882224 
51882224 46406733 41647122 38335493 35116565 32917376 30701295 28834346 27204158 27204158 28834346 30701295 32917376 35116565 38335493 41647122 46406733 51882224 
50523766 45609010 41189746 38320928 35387681 33130632 30978935 29070268 28834346 28834346 29070268 30978935 33130632 35387681 38320928 41189746 45609010 50523766 
47802996 44354378 40840425 38279904 35443356 33276189 31367834 30978935 30701295 30701295 30978935 31367834 33276189 35443356 38279904 40840425 44354378 47802996 
43698287 42006065 39889177 38188359 36072885 33866342 33276189 33130632 32917376 32917376 33130632 33276189 33866342 36072885 38188359 39889177 42006065 43698287 
39005536 39509065 38906325 37502761 36101138 36072885 35443356 35387681 35116565 35116565 35387681 35443356 36072885 36101138 37502761 38906325 39509065 39005536 
33297967 35529072 37018204 36572624 37502761 38188359 38279904 38320928 38335493 38335493 38320928 38279904 38188359 37502761 36572624 37018204 35529072 33297967 
27585497 31443292 34525524 37018204 38906325 39889177 40840425 41189746 41647122 41647122 41189746 40840425 39889177 38906325 37018204 34525524 31443292 27585497 
22038667 26149030 31443292 35529072 39509065 42006065 44354378 45609010 46406733 46406733 45609010 44354378 42006065 39509065 35529072 31443292 26149030 22038667 
17210372 22038667 27585497 33297967 39005536 43698287 47802996 50523766 51882224 51882224 50523766 47802996 43698287 39005536 33297967 27585497 22038667 17210372 
