69516 98156 122763 157034 175296 201164 206294 218738 206294 201164 175296 157034 122763 98156 69516 
98156 114216 145221 156914 173634 173914 185820 183434 185820 173914 173634 156914 145221 114216 98156 
122763 145221 151724 159121 157543 160911 161207 162204 161207 160911 157543 159121 151724 145221 122763 
157034 156914 159121 144108 151922 148534 149873 144172 149873 148534 151922 144108 159121 156914 157034 
175296 173634 157543 151922 139714 137551 136233 135398 136233 137551 139714 151922 157543 173634 175296 
201164 173914 160911 148534 137551 129558 125146 125628 125146 129558 137551 148534 160911 173914 201164 
206294 185820 161207 149873 136233 125146 117554 114930 117554 125146 136233 149873 161207 185820 206294 
218738 183434 162204 144172 135398 125628 114930 110176 114930 125628 135398 144172 162204 183434 218738 
206294 185820 161207 149873 136233 125146 117554 114930 117554 125146 136233 149873 161207 185820 206294 
201164 173914 160911 148534 137551 129558 125146 125628 125146 129558 137551 148534 160911 173914 201164 
175296 173634 157543 151922 139714 137551 136233 135398 136233 137551 139714 151922 157543 173634 175296 
157034 156914 159121 144108 151922 148534 149873 144172 149873 148534 151922 144108 159121 156914 157034 
122763 145221 151724 159121 157543 160911 161207 162204 161207 160911 157543 159121 151724 145221 122763 
98156 114216 145221 156914 173634 173914 185820 183434 185820 173914 173634 156914 145221 114216 98156 
69516 98156 122763 157034 175296 201164 206294 218738 206294 201164 175296 157034 122763 98156 69516 
