121956044 154458256 187854702 230334612 263322762 300359104 328342530 351816544 360352268 370464204 360352268 351816544 328342530 300359104 263322762 230334612 187854702 154458256 121956044 
154458256 178669838 217931106 242543909 274683900 290704738 311872618 318303431 330172780 329376696 330172780 318303431 311872618 290704738 274683900 242543909 217931106 178669838 154458256 
187854702 217931106 236565226 257539814 272363154 283085602 288982649 295191570 295241232 298547738 295241232 295191570 288982649 283085602 272363154 257539814 236565226 217931106 187854702 
230334612 242543909 257539814 257107920 266062979 268869797 275015736 272370575 276270626 275825912 276270626 272370575 275015736 268869797 266062979 257107920 257539814 242543909 230334612 
263322762 274683900 272363154 266062979 256532614 259770593 256340759 255177197 254153666 251242600 254153666 255177197 256340759 259770593 256532614 266062979 272363154 274683900 263322762 
300359104 290704738 283085602 268869797 259770593 244308918 240771173 239553106 238169736 236872314 238169736 239553106 240771173 244308918 259770593 268869797 283085602 290704738 300359104 
328342530 311872618 288982649 275015736 256340759 240771173 226192254 224016822 221994459 220999848 221994459 224016822 226192254 240771173 256340759 275015736 288982649 311872618 328342530 
351816544 318303431 295191570 272370575 255177197 239553106 224016822 212952620 210025694 209242730 210025694 212952620 224016822 239553106 255177197 272370575 295191570 318303431 351816544 
360352268 330172780 295241232 276270626 254153666 238169736 221994459 210025694 199078524 197139878 199078524 210025694 221994459 238169736 254153666 276270626 295241232 330172780 360352268 
370464204 329376696 298547738 275825912 251242600 236872314 220999848 209242730 197139878 188634008 197139878 209242730 220999848 236872314 251242600 275825912 298547738 329376696 370464204 
360352268 330172780 295241232 276270626 254153666 238169736 221994459 210025694 199078524 197139878 199078524 210025694 221994459 238169736 254153666 276270626 295241232 330172780 360352268 
351816544 318303431 295191570 272370575 255177197 239553106 224016822 212952620 210025694 209242730 210025694 212952620 224016822 239553106 255177197 272370575 295191570 318303431 351816544 
328342530 311872618 288982649 275015736 256340759 240771173 226192254 224016822 221994459 220999848 221994459 224016822 226192254 240771173 256340759 275015736 288982649 311872618 328342530 
300359104 290704738 283085602 268869797 259770593 244308918 240771173 239553106 238169736 236872314 238169736 239553106 240771173 244308918 259770593 268869797 283085602 290704738 300359104 
263322762 274683900 272363154 266062979 256532614 259770593 256340759 255177197 254153666 251242600 254153666 255177197 256340759 259770593 256532614 266062979 272363154 274683900 263322762 
230334612 242543909 257539814 257107920 266062979 268869797 275015736 272370575 276270626 275825912 276270626 272370575 275015736 268869797 266062979 257107920 257539814 242543909 230334612 
187854702 217931106 236565226 257539814 272363154 283085602 288982649 295191570 295241232 298547738 295241232 295191570 288982649 283085602 272363154 257539814 236565226 217931106 187854702 
154458256 178669838 217931106 242543909 274683900 290704738 311872618 318303431 330172780 329376696 330172780 318303431 311872618 290704738 274683900 242543909 217931106 178669838 154458256 
121956044 154458256 187854702 230334612 263322762 300359104 328342530 351816544 360352268 370464204 360352268 351816544 328342530 300359104 263322762 230334612 187854702 154458256 121956044 
