436228 569531 736363 892999 1050762 1160280 1249262 1290831 1290831 1249262 1160280 1050762 892999 736363 569531 436228 
569531 689424 840988 936350 1024427 1067706 1124707 1133123 1133123 1124707 1067706 1024427 936350 840988 689424 569531 
736363 840988 904206 947433 974356 982198 997063 1003649 1003649 997063 982198 974356 947433 904206 840988 736363 
892999 936350 947433 906130 925816 935033 919284 923211 923211 919284 935033 925816 906130 947433 936350 892999 
1050762 1024427 974356 925816 866186 852973 847032 844704 844704 847032 852973 866186 925816 974356 1024427 1050762 
1160280 1067706 982198 935033 852973 803422 796542 788102 788102 796542 803422 852973 935033 982198 1067706 1160280 
1249262 1124707 997063 919284 847032 796542 732752 719614 719614 732752 796542 847032 919284 997063 1124707 1249262 
1290831 1133123 1003649 923211 844704 788102 719614 683022 683022 719614 788102 844704 923211 1003649 1133123 1290831 
1290831 1133123 1003649 923211 844704 788102 719614 683022 683022 719614 788102 844704 923211 1003649 1133123 1290831 
1249262 1124707 997063 919284 847032 796542 732752 719614 719614 732752 796542 847032 919284 997063 1124707 1249262 
1160280 1067706 982198 935033 852973 803422 796542 788102 788102 796542 803422 852973 935033 982198 1067706 1160280 
1050762 1024427 974356 925816 866186 852973 847032 844704 844704 847032 852973 866186 925816 974356 1024427 1050762 
892999 936350 947433 906130 925816 935033 919284 923211 923211 919284 935033 925816 906130 947433 936350 892999 
736363 840988 904206 947433 974356 982198 997063 1003649 1003649 997063 982198 974356 947433 904206 840988 736363 
569531 689424 840988 936350 1024427 1067706 1124707 1133123 1133123 1124707 1067706 1024427 936350 840988 689424 569531 
436228 569531 736363 892999 1050762 1160280 1249262 1290831 1290831 1249262 1160280 1050762 892999 736363 569531 436228 
