2760 3799 5508 6023 7346 7385 8070 7385 7346 6023 5508 3799 2760 
3799 4994 5440 6448 6193 6727 6510 6727 6193 6448 5440 4994 3799 
5508 5440 5984 5657 5711 5706 5700 5706 5711 5657 5984 5440 5508 
6023 6448 5657 5386 5400 5356 5172 5356 5400 5386 5657 6448 6023 
7346 6193 5711 5400 5026 4871 4618 4871 5026 5400 5711 6193 7346 
7385 6727 5706 5356 4871 4532 4558 4532 4871 5356 5706 6727 7385 
8070 6510 5700 5172 4618 4558 4456 4558 4618 5172 5700 6510 8070 
7385 6727 5706 5356 4871 4532 4558 4532 4871 5356 5706 6727 7385 
7346 6193 5711 5400 5026 4871 4618 4871 5026 5400 5711 6193 7346 
6023 6448 5657 5386 5400 5356 5172 5356 5400 5386 5657 6448 6023 
5508 5440 5984 5657 5711 5706 5700 5706 5711 5657 5984 5440 5508 
3799 4994 5440 6448 6193 6727 6510 6727 6193 6448 5440 4994 3799 
2760 3799 5508 6023 7346 7385 8070 7385 7346 6023 5508 3799 2760 
