13 1 40071743
1303331 1512715 1765011 2052647 2384662 2731832 3105068 3468130 3836961 4161953 4435441 4615337 4698655 
1512715 1661877 1909773 2186878 2490519 2806198 3123746 3440570 3716931 4005299 4202183 4399717 4615337 
1765011 1909773 2059831 2319442 2600532 2869469 3135361 3372749 3604108 3817768 3980075 4202183 4435441 
2052647 2186878 2319442 2429131 2668033 2897982 3112422 3311560 3473833 3634795 3817768 4005299 4161953 
2384662 2490519 2600532 2668033 2721603 2918900 3085868 3226280 3343513 3473833 3604108 3716931 3836961 
2731832 2806198 2869469 2897982 2918900 2893763 3016057 3118253 3226280 3311560 3372749 3440570 3468130 
3105068 3123746 3135361 3112422 3085868 3016057 2914699 3016057 3085868 3112422 3135361 3123746 3105068 
3468130 3440570 3372749 3311560 3226280 3118253 3016057 2893763 2918900 2897982 2869469 2806198 2731832 
3836961 3716931 3604108 3473833 3343513 3226280 3085868 2918900 2721603 2668033 2600532 2490519 2384662 
4161953 4005299 3817768 3634795 3473833 3311560 3112422 2897982 2668033 2429131 2319442 2186878 2052647 
4435441 4202183 3980075 3817768 3604108 3372749 3135361 2869469 2600532 2319442 2059831 1909773 1765011 
4615337 4399717 4202183 4005299 3716931 3440570 3123746 2806198 2490519 2186878 1909773 1661877 1512715 
4698655 4615337 4435441 4161953 3836961 3468130 3105068 2731832 2384662 2052647 1765011 1512715 1303331 
