12 1 4698655
164736 194822 231504 272714 318716 368496 419692 470794 517862 557078 585758 596483 
194822 215418 251134 290708 332272 376316 418890 458732 497680 525116 551809 585758 
231504 251134 271968 308400 345770 381666 413584 444352 473702 494381 525116 557078 
272714 290708 308400 319818 351390 381224 407552 428930 448675 473702 497680 517862 
318716 332272 345770 351390 355984 379596 398640 413479 428930 444352 458732 470794 
368496 376316 381666 381224 379596 369738 383261 398640 407552 413584 418890 419692 
419692 418890 413584 407552 398640 383261 369738 379596 381224 381666 376316 368496 
470794 458732 444352 428930 413479 398640 379596 355984 351390 345770 332272 318716 
517862 497680 473702 448675 428930 407552 381224 351390 319818 308400 290708 272714 
557078 525116 494381 473702 444352 413584 381666 345770 308400 271968 251134 231504 
585758 551809 525116 497680 458732 418890 376316 332272 290708 251134 215418 194822 
596483 585758 557078 517862 470794 419692 368496 318716 272714 231504 194822 164736 
