14 1 367854835
11017972 12685174 14661848 16876404 19385438 22116800 24975480 27900868 30810528 33616312 36107430 38108234 39520604 40071743 
12685174 13799970 15777758 17916682 20288964 22785862 25326192 27860458 30321110 32596346 34748776 36361980 37864959 39520604 
14661848 15777758 16951104 18994570 21194168 23453574 25621062 27737902 29662830 31527356 33250104 34552345 36361980 38108234 
16876404 17916682 18994570 19908910 21913798 23856352 25701372 27431852 29017040 30408624 31722921 33250104 34748776 36107430 
19385438 20288964 21194168 21913798 22448960 24163660 25734962 27095370 28239502 29241375 30408624 31527356 32596346 33616312 
22116800 22785862 23453574 23856352 24163660 24193766 25444728 26479476 27309607 28239502 29017040 29662830 30321110 30810528 
24975480 25326192 25621062 25701372 25734962 25444728 24884128 25660985 26479476 27095370 27431852 27737902 27860458 27900868 
27900868 27860458 27737902 27431852 27095370 26479476 25660985 24884128 25444728 25734962 25701372 25621062 25326192 24975480 
30810528 30321110 29662830 29017040 28239502 27309607 26479476 25444728 24193766 24163660 23856352 23453574 22785862 22116800 
33616312 32596346 31527356 30408624 29241375 28239502 27095370 25734962 24163660 22448960 21913798 21194168 20288964 19385438 
36107430 34748776 33250104 31722921 30408624 29017040 27431852 25701372 23856352 21913798 19908910 18994570 17916682 16876404 
38108234 36361980 34552345 33250104 31527356 29662830 27737902 25621062 23453574 21194168 18994570 16951104 15777758 14661848 
39520604 37864959 36361980 34748776 32596346 30321110 27860458 25326192 22785862 20288964 17916682 15777758 13799970 12685174 
40071743 39520604 38108234 36107430 33616312 30810528 27900868 24975480 22116800 19385438 16876404 14661848 12685174 11017972 
