14 365596
11892 0 0 0 0 0 0 0 0 0 0 0 0 0 
0 16488 0 0 0 0 0 0 0 0 0 0 0 0 
0 0 23024 0 0 0 0 0 0 0 0 0 0 0 
0 0 0 27494 0 0 0 0 0 0 0 0 0 0 
0 0 0 0 32163 0 0 0 0 0 0 0 0 0 
0 0 0 0 0 34760 0 0 0 0 0 0 0 0 
0 0 0 0 0 0 36977 0 0 0 0 0 0 0 
0 0 0 0 0 0 0 36977 0 0 0 0 0 0 
0 0 0 0 0 0 0 0 34760 0 0 0 0 0 
0 0 0 0 0 0 0 0 0 32163 0 0 0 0 
0 0 0 0 0 0 0 0 0 0 27494 0 0 0 
0 0 0 0 0 0 0 0 0 0 0 23024 0 0 
0 0 0 0 0 0 0 0 0 0 0 0 16488 0 
0 0 0 0 0 0 0 0 0 0 0 0 0 11892 
0 0 504 1003 1346 1959 1915 2098 1888 2118 1354 1259 622 422 
0 0 0 1187 2045 2402 2701 2498 2774 2246 2163 1460 1079 545 
476 0 0 0 2419 3080 3476 3756 2894 3022 2497 1920 1251 1021 
790 1076 0 0 0 3181 3781 3890 3810 3099 2987 2278 1746 972 
944 1610 2177 0 0 0 4054 4439 4017 4079 2864 2811 1712 1437 
1294 1688 2519 3078 0 0 0 4369 4346 3721 3686 2440 2029 1287 
1250 1888 2665 3331 3850 0 0 0 4409 4218 3344 2991 1787 1454 
1454 1787 2991 3344 4218 4409 0 0 0 3850 3331 2665 1888 1250 
1287 2029 2440 3686 3721 4346 4369 0 0 0 3078 2519 1688 1294 
1437 1712 2811 2864 4079 4017 4439 4054 0 0 0 2177 1610 944 
972 1746 2278 2987 3099 3810 3890 3781 3181 0 0 0 1076 790 
1021 1251 1920 2497 3022 2894 3756 3476 3080 2419 0 0 0 476 
545 1079 1460 2163 2246 2774 2498 2701 2402 2045 1187 0 0 0 
422 622 1259 1354 2118 1888 2098 1915 1959 1346 1003 504 0 0 
0 504 0 1567 2172 2456 2984 2601 3021 2262 2390 1455 1067 545 
476 0 1180 0 2652 3061 2884 3244 2791 2907 2275 2305 1145 892 
0 951 0 2326 0 3065 3623 2924 3166 2899 2502 2003 1682 933 
969 0 2105 0 3176 0 3247 3627 3006 3010 2599 2412 1475 1184 
1217 1589 0 2944 0 3627 0 3526 3434 2938 2641 2212 1655 1044 
1105 1719 2337 0 3626 0 4077 0 3195 3408 2519 2340 1621 1234 
1171 1541 2529 2694 0 3938 0 4240 0 3113 3037 2146 1539 1122 
1122 1539 2146 3037 3113 0 4240 0 3938 0 2694 2529 1541 1171 
1234 1621 2340 2519 3408 3195 0 4077 0 3626 0 2337 1719 1105 
1044 1655 2212 2641 2938 3434 3526 0 3627 0 2944 0 1589 1217 
1184 1475 2412 2599 3010 3006 3627 3247 0 3176 0 2105 0 969 
933 1682 2003 2502 2899 3166 2924 3623 3065 0 2326 0 951 0 
892 1145 2305 2275 2907 2791 3244 2884 3061 2652 0 1180 0 476 
545 1067 1455 2390 2262 3021 2601 2984 2456 2172 1567 0 504 0 
0 1003 1567 0 2698 3177 2935 3477 3016 2974 2467 2007 1152 1021 
790 0 1991 2609 0 2977 3512 2915 3095 2752 2492 1916 1628 933 
969 1447 0 3078 3190 0 2783 3157 2887 2628 2269 1962 1386 1054 
0 1529 2296 0 3494 3064 0 2811 2934 2695 2216 1880 1373 1018 
1036 0 2095 3106 0 3759 3452 0 2682 2696 2264 1902 1364 972 
1052 1299 0 2458 3633 0 4181 3356 0 2477 2402 1863 1382 991 
1049 1533 1725 0 2926 4080 0 4398 3089 0 2133 1820 1392 1007 
1007 1392 1820 2133 0 3089 4398 0 4080 2926 0 1725 1533 1049 
991 1382 1863 2402 2477 0 3356 4181 0 3633 2458 0 1299 1052 
972 1364 1902 2264 2696 2682 0 3452 3759 0 3106 2095 0 1036 
1018 1373 1880 2216 2695 2934 2811 0 3064 3494 0 2296 1529 0 
1054 1386 1962 2269 2628 2887 3157 2783 0 3190 3078 0 1447 969 
933 1628 1916 2492 2752 3095 2915 3512 2977 0 2609 1991 0 790 
1021 1152 2007 2467 2974 3016 3477 2935 3177 2698 0 1567 1003 0 
0 1346 2172 2698 0 3268 4356 3797 3967 3286 2590 2007 1704 972 
944 0 2165 2933 3358 0 3195 3782 3359 3343 2324 2115 1442 1184 
1217 1388 0 2217 3617 3002 0 2874 3024 2961 2329 1859 1321 1018 
1036 1567 1833 0 2443 3671 3180 0 2737 2478 2211 1869 1331 972 
0 1282 2066 1958 0 2731 3440 3087 0 2414 1961 1953 1346 938 
851 0 1698 2416 2452 0 2943 3514 3044 0 1780 1627 1369 965 
880 1160 0 2077 3202 2662 0 2809 3295 2609 0 1660 1232 915 
915 1232 1660 0 2609 3295 2809 0 2662 3202 2077 0 1160 880 
965 1369 1627 1780 0 3044 3514 2943 0 2452 2416 1698 0 851 
938 1346 1953 1961 2414 0 3087 3440 2731 0 1958 2066 1282 0 
972 1331 1869 2211 2478 2737 0 3180 3671 2443 0 1833 1567 1036 
1018 1321 1859 2329 2961 3024 2874 0 3002 3617 2217 0 1388 1217 
1184 1442 2115 2324 3343 3359 3782 3195 0 3358 2933 2165 0 944 
972 1704 2007 2590 3286 3967 3797 4356 3268 0 2698 2172 1346 0 
0 1959 2456 3177 3268 0 4074 4534 4015 3266 2441 2550 1583 1437 
1294 0 2400 2575 3614 3550 0 3632 3425 2819 2467 1939 1698 1044 
1105 1643 0 2504 2447 3934 3429 0 2930 2559 2325 1970 1363 972 
1052 1305 1969 0 2723 2860 3693 3141 0 2282 2044 1798 1289 938 
851 1303 1724 2238 0 3080 2646 3157 2475 0 1746 1455 1126 858 
0 1145 1744 2063 2470 0 3037 2595 3046 2160 0 1521 1002 829 
796 0 1498 2090 2163 2889 0 3039 2556 2392 1824 0 1072 716 
716 1072 0 1824 2392 2556 3039 0 2889 2163 2090 1498 0 796 
829 1002 1521 0 2160 3046 2595 3037 0 2470 2063 1744 1145 0 
858 1126 1455 1746 0 2475 3157 2646 3080 0 2238 1724 1303 851 
938 1289 1798 2044 2282 0 3141 3693 2860 2723 0 1969 1305 1052 
972 1363 1970 2325 2559 2930 0 3429 3934 2447 2504 0 1643 1105 
1044 1698 1939 2467 2819 3425 3632 0 3550 3614 2575 2400 0 1294 
1437 1583 2550 2441 3266 4015 4534 4074 0 3268 3177 2456 1959 0 
0 1915 2984 2935 4356 4074 0 4425 3849 3450 3440 2410 1852 1287 
1250 0 2178 2917 2787 4357 4258 0 3025 3072 2481 2119 1509 1234 
1171 1454 0 2043 3058 2551 4353 3562 0 2536 2128 1845 1378 991 
1049 1476 1744 0 2341 2855 3146 3903 2735 0 1988 1631 1319 965 
880 1292 1985 1757 0 2189 3168 2765 2853 2199 0 1537 1047 829 
796 1249 1650 2254 1831 0 2263 3020 2108 2336 1814 0 1006 708 
0 991 1482 1891 2147 1852 0 2114 2312 2050 1846 1459 0 732 
732 0 1459 1846 2050 2312 2114 0 1852 2147 1891 1482 991 0 
708 1006 0 1814 2336 2108 3020 2263 0 1831 2254 1650 1249 796 
829 1047 1537 0 2199 2853 2765 3168 2189 0 1757 1985 1292 880 
965 1319 1631 1988 0 2735 3903 3146 2855 2341 0 1744 1476 1049 
991 1378 1845 2128 2536 0 3562 4353 2551 3058 2043 0 1454 1171 
1234 1509 2119 2481 3072 3025 0 4258 4357 2787 2917 2178 0 1250 
1287 1852 2410 3440 3450 3849 4425 0 4074 4356 2935 2984 1915 0 
0 2098 2601 3477 3797 4534 4425 0 3410 3674 2877 2780 1850 1454 
1454 0 2302 2570 3002 3029 4629 3898 0 2728 2790 2042 1621 1122 
1122 1572 0 2176 2718 3285 2552 4101 3162 0 2146 1934 1295 1007 
1007 1351 1860 0 2809 2757 3081 2559 3358 2642 0 1634 1179 915 
915 1212 1681 2119 0 2571 2417 2890 2379 2482 2060 0 1059 716 
716 1270 1752 1819 2291 0 2144 2223 2443 2148 1916 1581 0 732 
732 957 1494 1823 1783 1933 0 2058 1899 2089 1721 1363 1024 0 
0 1024 1363 1721 2089 1899 2058 0 1933 1783 1823 1494 957 732 
732 0 1581 1916 2148 2443 2223 2144 0 2291 1819 1752 1270 716 
716 1059 0 2060 2482 2379 2890 2417 2571 0 2119 1681 1212 915 
915 1179 1634 0 2642 3358 2559 3081 2757 2809 0 1860 1351 1007 
1007 1295 1934 2146 0 3162 4101 2552 3285 2718 2176 0 1572 1122 
1122 1621 2042 2790 2728 0 3898 4629 3029 3002 2570 2302 0 1454 
1454 1850 2780 2877 3674 3410 0 4425 4534 3797 3477 2601 2098 0 
0 1888 3021 3016 3967 4015 3849 3410 0 3155 2957 2314 1918 1250 
1287 0 2191 2885 2961 3379 3179 3797 3305 0 2562 2268 1472 1171 
1234 1489 0 2395 2701 2903 3165 2832 3594 2667 0 1791 1361 1049 
991 1518 1727 0 2534 3243 2595 2806 2762 2835 2027 0 1176 880 
965 1190 1783 1925 0 2224 2608 2346 2889 2379 2057 1497 0 796 
829 1267 1580 2032 1941 0 2107 2444 2232 2603 1977 1571 1029 0 
708 1130 1670 1802 2369 1799 0 1839 2415 2051 1859 1611 1050 732 
732 1050 1611 1859 2051 2415 1839 0 1799 2369 1802 1670 1130 708 
0 1029 1571 1977 2603 2232 2444 2107 0 1941 2032 1580 1267 829 
796 0 1497 2057 2379 2889 2346 2608 2224 0 1925 1783 1190 965 
880 1176 0 2027 2835 2762 2806 2595 3243 2534 0 1727 1518 991 
1049 1361 1791 0 2667 3594 2832 3165 2903 2701 2395 0 1489 1234 
1171 1472 2268 2562 0 3305 3797 3179 3379 2961 2885 2191 0 1287 
1250 1918 2314 2957 3155 0 3410 3849 4015 3967 3016 3021 1888 0 
0 2118 2262 2974 3286 3266 3450 3674 3155 0 2597 2458 1629 1294 
1437 0 2348 2428 2881 3180 2995 3292 3469 3202 0 2160 1647 1105 
1044 1510 0 2200 2632 2499 3029 3177 2728 3362 2299 0 1295 1052 
972 1401 1893 0 2463 2441 3037 2826 2669 2680 2403 1692 0 851 
938 1124 1722 2116 0 2542 2363 2551 2320 2470 2224 1683 1123 0 
858 1262 1643 1998 2415 0 2321 2168 2105 2161 2019 1860 1053 796 
829 1151 1665 2271 2152 2228 0 2094 2158 2459 1965 1638 1175 716 
716 1175 1638 1965 2459 2158 2094 0 2228 2152 2271 1665 1151 829 
796 1053 1860 2019 2161 2105 2168 2321 0 2415 1998 1643 1262 858 
0 1123 1683 2224 2470 2320 2551 2363 2542 0 2116 1722 1124 938 
851 0 1692 2403 2680 2669 2826 3037 2441 2463 0 1893 1401 972 
1052 1295 0 2299 3362 2728 3177 3029 2499 2632 2200 0 1510 1044 
1105 1647 2160 0 3202 3469 3292 2995 3180 2881 2428 2348 0 1437 
1294 1629 2458 2597 0 3155 3674 3450 3266 3286 2974 2262 2118 0 
0 1354 2390 2467 2590 2441 3440 2877 2957 2597 0 1898 1539 944 
972 0 2023 2591 2651 2767 2512 3199 2858 2902 2454 0 1464 1217 
1184 1495 0 2298 2849 2731 2795 2424 2971 2297 2867 1863 0 1036 
1018 1418 1808 0 2267 2878 2711 2924 2285 2511 2096 2099 1295 0 
972 1296 2062 1943 0 2418 3404 2592 2541 1879 2304 1652 1414 851 
938 1200 1736 2282 2169 0 2464 3348 2476 2395 1840 2039 1327 880 
965 1252 1851 1994 2776 2343 0 2287 3094 2280 2358 1603 1434 915 
915 1434 1603 2358 2280 3094 2287 0 2343 2776 1994 1851 1252 965 
880 1327 2039 1840 2395 2476 3348 2464 0 2169 2282 1736 1200 938 
851 1414 1652 2304 1879 2541 2592 3404 2418 0 1943 2062 1296 972 
0 1295 2099 2096 2511 2285 2924 2711 2878 2267 0 1808 1418 1018 
1036 0 1863 2867 2297 2971 2424 2795 2731 2849 2298 0 1495 1184 
1217 1464 0 2454 2902 2858 3199 2512 2767 2651 2591 2023 0 972 
944 1539 1898 0 2597 2957 2877 3440 2441 2590 2467 2390 1354 0 
0 1259 1455 2007 2007 2550 2410 2780 2314 2458 1898 0 1096 790 
1021 0 2062 1989 2622 2381 2899 2516 2779 2351 2266 1957 0 969 
933 1560 0 2417 2419 2619 2610 2734 2528 2596 1963 2239 1456 0 
1054 1328 2211 0 2721 2551 2581 2674 2806 2350 2244 1716 1538 1036 
1018 1446 1890 2320 0 2907 2905 2781 2588 2531 1964 2088 1337 1052 
972 1320 1878 2167 2806 0 3729 2865 2691 2224 2251 1846 1383 1049 
991 1407 1803 1962 2604 3283 0 3493 2763 2474 2046 1879 1358 1007 
1007 1358 1879 2046 2474 2763 3493 0 3283 2604 1962 1803 1407 991 
1049 1383 1846 2251 2224 2691 2865 3729 0 2806 2167 1878 1320 972 
1052 1337 2088 1964 2531 2588 2781 2905 2907 0 2320 1890 1446 1018 
1036 1538 1716 2244 2350 2806 2674 2581 2551 2721 0 2211 1328 1054 
0 1456 2239 1963 2596 2528 2734 2610 2619 2419 2417 0 1560 933 
969 0 1957 2266 2351 2779 2516 2899 2381 2622 1989 2062 0 1021 
790 1096 0 1898 2458 2314 2780 2410 2550 2007 2007 1455 1259 0 
0 622 1067 1152 1704 1583 1852 1850 1918 1629 1539 1096 0 476 
545 0 1198 1794 1897 2114 2325 2399 2093 2243 1839 1576 1077 0 
892 993 0 1963 2124 2740 2543 2697 2664 2396 2180 2118 1533 969 
933 1503 1701 0 2591 2712 2944 2884 2656 2840 2217 2026 1386 1217 
1184 1451 1850 2467 0 3186 3220 3402 3267 2643 2668 1994 1707 1105 
1044 1506 2136 2380 3003 0 3522 3527 3041 3215 2288 2124 1500 1171 
1234 1590 2023 2578 2891 3564 0 3812 3222 2987 2429 2115 1620 1122 
1122 1620 2115 2429 2987 3222 3812 0 3564 2891 2578 2023 1590 1234 
1171 1500 2124 2288 3215 3041 3527 3522 0 3003 2380 2136 1506 1044 
1105 1707 1994 2668 2643 3267 3402 3220 3186 0 2467 1850 1451 1184 
1217 1386 2026 2217 2840 2656 2884 2944 2712 2591 0 1701 1503 933 
969 1533 2118 2180 2396 2664 2697 2543 2740 2124 1963 0 993 892 
0 1077 1576 1839 2243 2093 2399 2325 2114 1897 1794 1198 0 545 
476 0 1096 1539 1629 1918 1850 1852 1583 1704 1152 1067 622 0 
0 422 545 1021 972 1437 1287 1454 1250 1294 944 790 476 0 
422 0 986 1016 1693 1563 1888 1805 1787 1598 1381 1167 706 476 
545 986 0 1877 1989 2351 2619 2739 2212 2240 1989 1520 1167 790 
1021 1016 1877 0 2601 2547 2981 2932 3002 2741 2462 1989 1381 944 
972 1693 1989 2601 0 3526 3300 3441 3315 3453 2741 2240 1598 1294 
1437 1563 2351 2547 3526 0 4189 3548 4033 3315 3002 2212 1787 1250 
1287 1888 2619 2981 3300 4189 0 4794 3548 3441 2932 2739 1805 1454 
1454 1805 2739 2932 3441 3548 4794 0 4189 3300 2981 2619 1888 1287 
1250 1787 2212 3002 3315 4033 3548 4189 0 3526 2547 2351 1563 1437 
1294 1598 2240 2741 3453 3315 3441 3300 3526 0 2601 1989 1693 972 
944 1381 1989 2462 2741 3002 2932 2981 2547 2601 0 1877 1016 1021 
790 1167 1520 1989 2240 2212 2739 2619 2351 1989 1877 0 986 545 
476 706 1167 1381 1598 1787 1805 1888 1563 1693 1016 986 0 422 
0 476 790 944 1294 1250 1454 1287 1437 972 1021 545 422 0 
