19 4968057848
121956044 0 0 0 0 0 0 0 0 0 0 0 0 0 0 0 0 0 0 
0 154458256 0 0 0 0 0 0 0 0 0 0 0 0 0 0 0 0 0 
0 0 187854702 0 0 0 0 0 0 0 0 0 0 0 0 0 0 0 0 
0 0 0 230334612 0 0 0 0 0 0 0 0 0 0 0 0 0 0 0 
0 0 0 0 263322762 0 0 0 0 0 0 0 0 0 0 0 0 0 0 
0 0 0 0 0 300359104 0 0 0 0 0 0 0 0 0 0 0 0 0 
0 0 0 0 0 0 328342530 0 0 0 0 0 0 0 0 0 0 0 0 
0 0 0 0 0 0 0 351816544 0 0 0 0 0 0 0 0 0 0 0 
0 0 0 0 0 0 0 0 360352268 0 0 0 0 0 0 0 0 0 0 
0 0 0 0 0 0 0 0 0 370464204 0 0 0 0 0 0 0 0 0 
0 0 0 0 0 0 0 0 0 0 360352268 0 0 0 0 0 0 0 0 
0 0 0 0 0 0 0 0 0 0 0 351816544 0 0 0 0 0 0 0 
0 0 0 0 0 0 0 0 0 0 0 0 328342530 0 0 0 0 0 0 
0 0 0 0 0 0 0 0 0 0 0 0 0 300359104 0 0 0 0 0 
0 0 0 0 0 0 0 0 0 0 0 0 0 0 263322762 0 0 0 0 
0 0 0 0 0 0 0 0 0 0 0 0 0 0 0 230334612 0 0 0 
0 0 0 0 0 0 0 0 0 0 0 0 0 0 0 0 187854702 0 0 
0 0 0 0 0 0 0 0 0 0 0 0 0 0 0 0 0 154458256 0 
0 0 0 0 0 0 0 0 0 0 0 0 0 0 0 0 0 0 121956044 
0 0 4003072 5373914 7163982 8897931 10531981 12351311 12727530 14021764 13200700 13828805 11857288 11386237 8779791 7813445 5321785 4387076 2811644 
0 0 0 6782324 8260273 10791241 12741080 14080037 15304634 15601431 16038091 15115573 14747980 12564489 11411987 8825716 7350249 5107247 3947486 
3811234 0 0 0 10748969 13431355 15802321 18022619 18315722 19843957 18863120 19257453 17217568 16230203 13084817 12102399 8760541 7396557 5042271 
4609166 6252215 0 0 0 15295791 17908829 20115272 21651253 21641307 22396308 20953237 20342241 17456479 15801102 12741590 10891576 8046909 6440634 
6176892 7850212 9857915 0 0 0 20910668 23510436 24295077 26460892 24476276 24955663 22089436 21287258 17432113 15662503 12008081 10394726 7315752 
7060966 9251324 11651755 14362466 0 0 0 25049260 26947833 27244985 27963753 25677472 24754003 21506467 19707471 16396384 13881776 10530303 8718520 
8279738 10876785 13287272 16810279 19516611 0 0 0 28613593 30242485 28827149 29388719 25825845 24769283 20619283 18688125 14462224 12584253 9080974 
9086886 11334244 14449065 17673074 21236432 24031321 0 0 0 30175281 30230449 28879810 28306304 24299596 22519877 18550943 15447174 12141142 9941833 
9621669 12680103 15152132 19557374 21698832 26387823 28179324 0 0 0 30500780 30680051 28160547 26716165 22130301 20055521 15539930 13156895 9955333 
10055046 12468265 15790155 18938555 23210921 25307465 28967115 29950826 0 0 0 29950826 28967115 25307465 23210921 18938555 15790155 12468265 10055046 
9955333 13156895 15539930 20055521 22130301 26716165 28160547 30680051 30500780 0 0 0 28179324 26387823 21698832 19557374 15152132 12680103 9621669 
9941833 12141142 15447174 18550943 22519877 24299596 28306304 28879810 30230449 30175281 0 0 0 24031321 21236432 17673074 14449065 11334244 9086886 
9080974 12584253 14462224 18688125 20619283 24769283 25825845 29388719 28827149 30242485 28613593 0 0 0 19516611 16810279 13287272 10876785 8279738 
8718520 10530303 13881776 16396384 19707471 21506467 24754003 25677472 27963753 27244985 26947833 25049260 0 0 0 14362466 11651755 9251324 7060966 
7315752 10394726 12008081 15662503 17432113 21287258 22089436 24955663 24476276 26460892 24295077 23510436 20910668 0 0 0 9857915 7850212 6176892 
6440634 8046909 10891576 12741590 15801102 17456479 20342241 20953237 22396308 21641307 21651253 20115272 17908829 15295791 0 0 0 6252215 4609166 
5042271 7396557 8760541 12102399 13084817 16230203 17217568 19257453 18863120 19843957 18315722 18022619 15802321 13431355 10748969 0 0 0 3811234 
3947486 5107247 7350249 8825716 11411987 12564489 14747980 15115573 16038091 15601431 15304634 14080037 12741080 10791241 8260273 6782324 0 0 0 
2811644 4387076 5321785 7813445 8779791 11386237 11857288 13828805 13200700 14021764 12727530 12351311 10531981 8897931 7163982 5373914 4003072 0 0 
0 4003072 0 7452242 8669055 11432767 12904420 14545142 15781054 16096752 16563750 15451921 15109089 12834191 11894606 8862923 7319531 4986701 3947486 
3811234 0 6678893 0 11302828 13266829 15339119 17071661 17387172 18963331 17881171 18852778 16479535 15841051 12784264 12107086 8437630 6961288 4765236 
0 6046770 0 10590977 0 15551689 17450104 18799466 20011321 20160783 20502273 19479702 19195396 16666671 15264805 12322149 10719434 7642656 6161030 
5818294 0 9533838 0 15031173 0 19251378 21512734 21540422 23040318 21696203 22528208 20027295 19428619 16138659 14700721 11160741 9460781 6670430 
6581481 8757424 0 13959947 0 19912781 0 22699226 23854811 24018969 24083181 22722563 22270059 19678072 18400127 15130533 12719345 9589580 7985055 
7609242 9655743 12201251 0 18376914 0 24224644 0 24791198 26252604 24308322 24513340 22600430 21609641 18236890 16932387 12918005 10886313 7968678 
7934324 10156821 13092572 15946856 0 23044844 0 27462264 0 26319536 26156127 24591741 23576373 21420856 19438051 16365611 14123249 10633486 8719938 
8467362 10808453 13372455 17330787 19265415 0 26655314 0 29172068 0 26461183 26789104 23604544 22325371 19262927 17619932 13746317 11538544 8771794 
8800131 10813868 13678897 16724048 20053109 22246405 0 28767455 0 30379809 0 26029239 25024666 21793284 19726890 16847485 14251246 11013707 9090993 
8853336 11503049 13901298 17440928 19477049 23306033 24630164 0 30162012 0 30162012 0 24630164 23306033 19477049 17440928 13901298 11503049 8853336 
9090993 11013707 14251246 16847485 19726890 21793284 25024666 26029239 0 30379809 0 28767455 0 22246405 20053109 16724048 13678897 10813868 8800131 
8771794 11538544 13746317 17619932 19262927 22325371 23604544 26789104 26461183 0 29172068 0 26655314 0 19265415 17330787 13372455 10808453 8467362 
8719938 10633486 14123249 16365611 19438051 21420856 23576373 24591741 26156127 26319536 0 27462264 0 23044844 0 15946856 13092572 10156821 7934324 
7968678 10886313 12918005 16932387 18236890 21609641 22600430 24513340 24308322 26252604 24791198 0 24224644 0 18376914 0 12201251 9655743 7609242 
7985055 9589580 12719345 15130533 18400127 19678072 22270059 22722563 24083181 24018969 23854811 22699226 0 19912781 0 13959947 0 8757424 6581481 
6670430 9460781 11160741 14700721 16138659 19428619 20027295 22528208 21696203 23040318 21540422 21512734 19251378 0 15031173 0 9533838 0 5818294 
6161030 7642656 10719434 12322149 15264805 16666671 19195396 19479702 20502273 20160783 20011321 18799466 17450104 15551689 0 10590977 0 6046770 0 
4765236 6961288 8437630 12107086 12784264 15841051 16479535 18852778 17881171 18963331 17387172 17071661 15339119 13266829 11302828 0 6678893 0 3811234 
3947486 4986701 7319531 8862923 11894606 12834191 15109089 15451921 16563750 16096752 15781054 14545142 12904420 11432767 8669055 7452242 0 4003072 0 
0 5373914 7452242 0 11948169 14280731 15916301 18076210 18353608 19927152 18904585 19474453 17552496 16579844 13439273 12507054 8362303 7144006 5042271 
4609166 0 8054221 11258263 0 15468053 17704795 18330569 19922667 19956653 20129846 19291322 18868357 16793211 15351576 12548584 10543223 7552373 6161030 
5818294 7428999 0 12910048 15260430 0 18609823 20828074 19868215 21827446 20580234 20531211 18944828 17955086 15814876 14264842 10884476 9392240 6620692 
0 8404567 10659631 0 17047801 18593541 0 20301439 21710700 21260797 21742938 20468926 20020218 18029105 16300081 14290733 11557161 9124082 7596200 
7280973 0 11342860 15571488 0 21814535 21865734 0 21734229 23031298 21395798 22149373 20029887 18795004 16691188 15081286 11863434 9905979 7509913 
7828307 9458215 0 15130018 19413297 0 24978674 24002167 0 22557904 22782893 21145573 21109786 18953405 16842925 14803584 12148334 9837149 7877566 
7670027 10405258 11956010 0 18413206 23942787 0 27923274 25687629 0 22728430 22907616 20490238 19808948 17202031 15529427 12108428 10260598 7981829 
8043256 9611962 12454890 14982837 0 21090908 26368240 0 28839048 26368125 0 21995520 21397872 18777359 17400676 14965375 12103438 10029635 7941434 
7883527 10313897 11803692 15914958 17208145 0 23524896 29018861 0 30302727 26213278 0 20960385 20166658 16942573 15683312 12102961 10211845 8018911 
8072648 10003537 12457398 14892803 18046515 19309929 0 25371956 29758170 0 29758170 25371956 0 19309929 18046515 14892803 12457398 10003537 8072648 
8018911 10211845 12102961 15683312 16942573 20166658 20960385 0 26213278 30302727 0 29018861 23524896 0 17208145 15914958 11803692 10313897 7883527 
7941434 10029635 12103438 14965375 17400676 18777359 21397872 21995520 0 26368125 28839048 0 26368240 21090908 0 14982837 12454890 9611962 8043256 
7981829 10260598 12108428 15529427 17202031 19808948 20490238 22907616 22728430 0 25687629 27923274 0 23942787 18413206 0 11956010 10405258 7670027 
7877566 9837149 12148334 14803584 16842925 18953405 21109786 21145573 22782893 22557904 0 24002167 24978674 0 19413297 15130018 0 9458215 7828307 
7509913 9905979 11863434 15081286 16691188 18795004 20029887 22149373 21395798 23031298 21734229 0 21865734 21814535 0 15571488 11342860 0 7280973 
7596200 9124082 11557161 14290733 16300081 18029105 20020218 20468926 21742938 21260797 21710700 20301439 0 18593541 17047801 0 10659631 8404567 0 
6620692 9392240 10884476 14264842 15814876 17955086 18944828 20531211 20580234 21827446 19868215 20828074 18609823 0 15260430 12910048 0 7428999 5818294 
6161030 7552373 10543223 12548584 15351576 16793211 18868357 19291322 20129846 19956653 19922667 18330569 17704795 15468053 0 11258263 8054221 0 4609166 
5042271 7144006 8362303 12507054 13439273 16579844 17552496 19474453 18904585 19927152 18353608 18076210 15916301 14280731 11948169 0 7452242 5373914 0 
0 7163982 8669055 11948169 0 16506596 18862731 20404707 21780968 22344321 22671164 21252722 20638345 17941543 16352165 11979648 10600588 7765424 6440634 
6176892 0 10284765 13220508 16080962 0 19593152 22038591 21718721 23186149 22275974 22830207 20388996 19521907 16401941 14250024 10607526 9437155 6670430 
6581481 8660929 0 13654676 17290105 19120882 0 20783915 22610307 22141338 22377606 21340336 20601691 18538016 16685353 13801118 11669972 8909229 7596200 
7280973 9365817 11179665 0 16483047 20585336 20371899 0 20504042 22305030 21400971 20786973 19599523 18887601 16014822 13673165 11110802 9438695 7074618 
0 9239073 11662263 13841667 0 18541732 22828033 21788710 0 20939159 21069908 21015029 19967171 17888482 16366996 13435978 11484044 9176310 7288059 
7368007 0 11516655 15159714 16711491 0 20786861 25307378 22880198 0 20865422 21494683 20182690 18808890 16201092 14127087 11331064 9609426 7419935 
7640994 9131962 0 13892553 18487588 19027605 0 22184500 25563287 23578766 0 20388863 20114980 18301752 16138598 13496170 11674685 9306500 7411956 
7391030 9558628 10957481 0 16629717 21388884 20839841 0 23026875 26926399 22958447 0 19141197 18551552 16088701 13514856 11194632 9695036 7313921 
7502045 9276615 11458141 13162053 0 19071318 23593418 22326514 0 23810940 25996003 22399225 0 17677008 16069491 13574666 11366895 9256203 7613131 
7185738 9467272 11086469 13602560 15320693 0 20832002 25474191 22652375 0 22652375 25474191 20832002 0 15320693 13602560 11086469 9467272 7185738 
7613131 9256203 11366895 13574666 16069491 17677008 0 22399225 25996003 23810940 0 22326514 23593418 19071318 0 13162053 11458141 9276615 7502045 
7313921 9695036 11194632 13514856 16088701 18551552 19141197 0 22958447 26926399 23026875 0 20839841 21388884 16629717 0 10957481 9558628 7391030 
7411956 9306500 11674685 13496170 16138598 18301752 20114980 20388863 0 23578766 25563287 22184500 0 19027605 18487588 13892553 0 9131962 7640994 
7419935 9609426 11331064 14127087 16201092 18808890 20182690 21494683 20865422 0 22880198 25307378 20786861 0 16711491 15159714 11516655 0 7368007 
7288059 9176310 11484044 13435978 16366996 17888482 19967171 21015029 21069908 20939159 0 21788710 22828033 18541732 0 13841667 11662263 9239073 0 
7074618 9438695 11110802 13673165 16014822 18887601 19599523 20786973 21400971 22305030 20504042 0 20371899 20585336 16483047 0 11179665 9365817 7280973 
7596200 8909229 11669972 13801118 16685353 18538016 20601691 21340336 22377606 22141338 22610307 20783915 0 19120882 17290105 13654676 0 8660929 6581481 
6670430 9437155 10607526 14250024 16401941 19521907 20388996 22830207 22275974 23186149 21718721 22038591 19593152 0 16080962 13220508 10284765 0 6176892 
6440634 7765424 10600588 11979648 16352165 17941543 20638345 21252722 22671164 22344321 21780968 20404707 18862731 16506596 0 11948169 8669055 7163982 0 
0 8897931 11432767 14280731 16506596 0 21418427 23852303 24460806 26292484 23997841 25179750 22545039 22017576 16037539 14663754 11424545 10035263 7315752 
7060966 0 11741018 14288714 17738610 20185337 0 22636359 23899059 23779855 24041076 22173994 22500912 19798892 17565064 13993739 11866909 9449179 7985055 
7609242 9736044 0 15442667 16143350 22064712 21918915 0 22192150 23232208 22400505 22901743 20224351 19774650 16124487 14729717 11436609 9644339 7509913 
7828307 9330313 12091162 0 16935416 18390789 23127532 21866810 0 21153428 21318533 21495312 20276307 17693755 15864953 13564295 11614307 9030519 7288059 
7368007 10025398 11110575 14758249 0 20294417 19339088 23636999 21502115 0 20196241 19801460 19295092 17777303 14048497 13429166 10735857 9320547 7131582 
0 8900092 11664354 13063230 16107628 0 21473460 20203275 23655623 21559596 0 19302526 17940344 16998826 14491787 12395007 10797995 8629242 7125933 
6942596 0 10704614 14075031 14545157 19365072 0 22903500 20860791 24016970 21134032 0 17905115 15987972 14016718 12547404 10199399 8847027 6719775 
6965493 8592765 0 12809523 15869399 17358652 21368432 0 23499769 21251934 23363227 20596431 0 16270020 13377116 12408213 10558978 8338856 6924298 
6780737 8622951 10145207 0 14419114 19185053 18888794 22799747 0 23945627 20651701 22553209 19187897 0 13531331 11973451 10276283 8658057 6550577 
6849752 8399733 10054123 11911721 0 17196078 20932825 19913126 23178799 0 23178799 19913126 20932825 17196078 0 11911721 10054123 8399733 6849752 
6550577 8658057 10276283 11973451 13531331 0 19187897 22553209 20651701 23945627 0 22799747 18888794 19185053 14419114 0 10145207 8622951 6780737 
6924298 8338856 10558978 12408213 13377116 16270020 0 20596431 23363227 21251934 23499769 0 21368432 17358652 15869399 12809523 0 8592765 6965493 
6719775 8847027 10199399 12547404 14016718 15987972 17905115 0 21134032 24016970 20860791 22903500 0 19365072 14545157 14075031 10704614 0 6942596 
7125933 8629242 10797995 12395007 14491787 16998826 17940344 19302526 0 21559596 23655623 20203275 21473460 0 16107628 13063230 11664354 8900092 0 
7131582 9320547 10735857 13429166 14048497 17777303 19295092 19801460 20196241 0 21502115 23636999 19339088 20294417 0 14758249 11110575 10025398 7368007 
7288059 9030519 11614307 13564295 15864953 17693755 20276307 21495312 21318533 21153428 0 21866810 23127532 18390789 16935416 0 12091162 9330313 7828307 
7509913 9644339 11436609 14729717 16124487 19774650 20224351 22901743 22400505 23232208 22192150 0 21918915 22064712 16143350 15442667 0 9736044 7609242 
7985055 9449179 11866909 13993739 17565064 19798892 22500912 22173994 24041076 23779855 23899059 22636359 0 20185337 17738610 14288714 11741018 0 7060966 
7315752 10035263 11424545 14663754 16037539 22017576 22545039 25179750 23997841 26292484 24460806 23852303 21418427 0 16506596 14280731 11432767 8897931 0 
0 10531981 12904420 15916301 18862731 21418427 0 25380132 27551301 28211363 28680971 26647852 25845191 19783740 18651032 15565078 13390666 10282824 8718520 
8279738 0 12735206 15845790 17520883 22864289 24485487 0 24891275 26740891 24977690 25515427 23423008 20759461 16909706 15873393 12321497 10760199 7968678 
7934324 10039367 0 14470748 17906258 18090487 25699340 24333968 0 23154984 23681750 22623982 22267246 18737713 16760280 13877626 11867072 9659938 7877566 
7670027 9879960 11641009 0 15456064 19236601 20236499 26155733 23334091 0 21705862 22126444 20920940 18571195 15876161 14421302 10909778 9454135 7419935 
7640994 9118950 11758604 13220924 0 16265905 21318324 20328679 24163023 22552046 0 19891926 18481870 16713998 15317444 13017270 10838723 8586146 7125933 
6942596 9352179 10383001 13677005 13993390 0 17577237 21336473 19599836 23648761 20852949 0 17011961 14878955 13823251 12698545 10180309 8407563 6407162 
0 8401219 10790481 12248666 14939911 14925582 0 18542636 21131796 19966300 22132543 19637438 0 14319961 12892805 11796590 9880128 8090017 6496181 
6295916 0 9915256 13075330 13598235 16519821 17029859 0 18967146 21639804 19108990 21591114 18058899 0 12738672 11464248 9564218 8152564 6296750 
6364710 7870175 0 11893200 14610627 15032190 18926627 18525478 0 19317953 20819610 18494828 19772935 15441171 0 11272596 9427012 7907040 6318307 
6198707 7963999 9347322 0 13465312 16799608 17287107 20684434 18753435 0 18753435 20684434 17287107 16799608 13465312 0 9347322 7963999 6198707 
6318307 7907040 9427012 11272596 0 15441171 19772935 18494828 20819610 19317953 0 18525478 18926627 15032190 14610627 11893200 0 7870175 6364710 
6296750 8152564 9564218 11464248 12738672 0 18058899 21591114 19108990 21639804 18967146 0 17029859 16519821 13598235 13075330 9915256 0 6295916 
6496181 8090017 9880128 11796590 12892805 14319961 0 19637438 22132543 19966300 21131796 18542636 0 14925582 14939911 12248666 10790481 8401219 0 
6407162 8407563 10180309 12698545 13823251 14878955 17011961 0 20852949 23648761 19599836 21336473 17577237 0 13993390 13677005 10383001 9352179 6942596 
7125933 8586146 10838723 13017270 15317444 16713998 18481870 19891926 0 22552046 24163023 20328679 21318324 16265905 0 13220924 11758604 9118950 7640994 
7419935 9454135 10909778 14421302 15876161 18571195 20920940 22126444 21705862 0 23334091 26155733 20236499 19236601 15456064 0 11641009 9879960 7670027 
7877566 9659938 11867072 13877626 16760280 18737713 22267246 22623982 23681750 23154984 0 24333968 25699340 18090487 17906258 14470748 0 10039367 7934324 
7968678 10760199 12321497 15873393 16909706 20759461 23423008 25515427 24977690 26740891 24891275 0 24485487 22864289 17520883 15845790 12735206 0 8279738 
8718520 10282824 13390666 15565078 18651032 19783740 25845191 26647852 28680971 28211363 27551301 25380132 0 21418427 18862731 15916301 12904420 10531981 0 
0 12351311 14545142 18076210 20404707 23852303 25380132 0 28856167 31307829 29253905 29910446 23444880 22591387 19063172 17735107 13880793 12082079 9080974 
9086886 0 13602757 15956948 18869268 20723772 25890275 27071212 0 26436419 26984678 25458570 22757009 19587358 18076774 15254543 13309826 10517198 8719938 
8467362 10773435 0 15264088 16878517 21417990 20431816 28189898 25268959 0 23707868 24197436 20573132 19490018 16229862 14610631 11680699 10028030 7981829 
8043256 9689324 11950962 0 17003548 17529189 21404805 21887633 25968286 23906030 0 21331958 19152429 17758324 15877940 13214505 11243255 8997175 7411956 
7391030 9541527 11102927 14248983 0 17722082 17576304 23360038 21287715 24381092 21995818 0 17448880 15992966 14608536 12978590 10142407 8678527 6719775 
6965493 8624824 11168359 12527255 15089812 0 17588180 18974666 22272166 20483807 22247551 19574887 0 14648195 13204455 11878830 9854003 7954442 6496181 
6295916 8370644 9744545 12864693 12990381 15600026 0 19290585 17961402 20981171 18527959 19756335 15896094 0 12309880 10810715 9107265 7462247 6046964 
0 7709369 9870156 11452835 14039059 14234145 16555164 0 19391069 18242499 20205598 17576214 16834726 14184638 0 10665337 8758115 7337414 5896282 
5827563 0 9192253 11744453 12824884 15644396 15078773 18781171 0 19493255 17317579 19466862 15392933 15133121 12547684 0 8701238 7097608 5781921 
5742718 7243102 0 11050889 13304283 14249194 16936998 16988633 19105548 0 19105548 16988633 16936998 14249194 13304283 11050889 0 7243102 5742718 
5781921 7097608 8701238 0 12547684 15133121 15392933 19466862 17317579 19493255 0 18781171 15078773 15644396 12824884 11744453 9192253 0 5827563 
5896282 7337414 8758115 10665337 0 14184638 16834726 17576214 20205598 18242499 19391069 0 16555164 14234145 14039059 11452835 9870156 7709369 0 
6046964 7462247 9107265 10810715 12309880 0 15896094 19756335 18527959 20981171 17961402 19290585 0 15600026 12990381 12864693 9744545 8370644 6295916 
6496181 7954442 9854003 11878830 13204455 14648195 0 19574887 22247551 20483807 22272166 18974666 17588180 0 15089812 12527255 11168359 8624824 6965493 
6719775 8678527 10142407 12978590 14608536 15992966 17448880 0 21995818 24381092 21287715 23360038 17576304 17722082 0 14248983 11102927 9541527 7391030 
7411956 8997175 11243255 13214505 15877940 17758324 19152429 21331958 0 23906030 25968286 21887633 21404805 17529189 17003548 0 11950962 9689324 8043256 
7981829 10028030 11680699 14610631 16229862 19490018 20573132 24197436 23707868 0 25268959 28189898 20431816 21417990 16878517 15264088 0 10773435 8467362 
8719938 10517198 13309826 15254543 18076774 19587358 22757009 25458570 26984678 26436419 0 27071212 25890275 20723772 18869268 15956948 13602757 0 9086886 
9080974 12082079 13880793 17735107 19063172 22591387 23444880 29910446 29253905 31307829 28856167 0 25380132 23852303 20404707 18076210 14545142 12351311 0 
0 12727530 15781054 18353608 21780968 24460806 27551301 28856167 0 31017732 30801145 25637332 25547044 22521387 20920508 17593481 14988049 11872323 9941833 
9621669 0 13986596 17655885 19129313 22323456 23848948 29468644 29328518 0 27583672 25727288 21963137 21220922 18121158 16764105 13242139 11415536 8771794 
8800131 10634664 0 15136438 17715879 19461002 23055373 22091709 29271081 26607548 0 21996097 21608197 18063780 16612495 14284509 12031125 9929770 7941434 
7883527 10295927 11733626 0 15923066 20395792 19602595 21979534 23376462 27900709 23984189 0 19060827 18061783 14976826 13475372 10824105 9482365 7313921 
7502045 9114698 11403236 13088771 0 16334425 19543041 19098453 23307464 22258823 24424677 20126386 0 16224579 14204673 12136184 10180405 8281508 6924298 
6780737 8910490 10334987 13593869 13701873 0 16520882 19429606 20037353 22585458 20278049 20375118 17226383 0 13310328 11604881 9204803 7978169 6296750 
6364710 8022762 10137048 11830892 14307561 14211424 0 16338594 20117870 19035154 20034596 17322156 17014830 14659371 0 10821775 8724744 7154690 5896282 
5827563 7885605 9243212 11606484 12555511 15290006 14490739 0 16905599 19181306 17134214 16869913 15380826 14745179 12241551 0 8337734 6878530 5451722 
0 7138333 9124196 10833987 13035603 13686011 15645586 14867056 0 16645372 17817339 15375631 15795304 13928987 12663984 10461676 0 6735356 5324103 
5313525 0 8577643 11092695 12121465 14770194 14487517 16256860 15950040 0 15950040 16256860 14487517 14770194 12121465 11092695 8577643 0 5313525 
5324103 6735356 0 10461676 12663984 13928987 15795304 15375631 17817339 16645372 0 14867056 15645586 13686011 13035603 10833987 9124196 7138333 0 
5451722 6878530 8337734 0 12241551 14745179 15380826 16869913 17134214 19181306 16905599 0 14490739 15290006 12555511 11606484 9243212 7885605 5827563 
5896282 7154690 8724744 10821775 0 14659371 17014830 17322156 20034596 19035154 20117870 16338594 0 14211424 14307561 11830892 10137048 8022762 6364710 
6296750 7978169 9204803 11604881 13310328 0 17226383 20375118 20278049 22585458 20037353 19429606 16520882 0 13701873 13593869 10334987 8910490 6780737 
6924298 8281508 10180405 12136184 14204673 16224579 0 20126386 24424677 22258823 23307464 19098453 19543041 16334425 0 13088771 11403236 9114698 7502045 
7313921 9482365 10824105 13475372 14976826 18061783 19060827 0 23984189 27900709 23376462 21979534 19602595 20395792 15923066 0 11733626 10295927 7883527 
7941434 9929770 12031125 14284509 16612495 18063780 21608197 21996097 0 26607548 29271081 22091709 23055373 19461002 17715879 15136438 0 10634664 8800131 
8771794 11415536 13242139 16764105 18121158 21220922 21963137 25727288 27583672 0 29328518 29468644 23848948 22323456 19129313 17655885 13986596 0 9621669 
9941833 11872323 14988049 17593481 20920508 22521387 25547044 25637332 30801145 31017732 0 28856167 27551301 24460806 21780968 18353608 15781054 12727530 0 
0 14021764 16096752 19927152 22344321 26292484 28211363 31307829 31017732 0 26552588 26950263 25524834 24161257 20708880 19252561 15118445 13020646 9955333 
10055046 0 14520559 16878087 19417744 22121364 24357277 25380871 30473169 30898467 0 23651069 22826429 20481516 18585085 15941344 13731094 10966582 9090993 
8853336 11062556 0 15501324 17577735 19131214 21430398 25349598 22861261 31689707 25043817 0 19885476 19092112 16356580 14804919 11838980 10049814 8018911 
8072648 9945813 12011027 0 16257325 18248194 21463484 21120859 23544515 24374309 25424170 22130119 0 16739536 15219185 13384726 11213330 9063541 7613131 
7185738 9083393 11026120 13268899 0 17791949 17768335 20271937 19427789 24125195 20164501 22065679 18896803 0 13421019 11910424 9907166 8377076 6550577 
6849752 8626668 10260052 12404427 14940437 0 18159671 17791758 19117077 20317136 20469275 18729899 18883913 16073404 0 11046558 9171270 7712710 6318307 
6198707 7970352 9677649 12521772 12879501 15703216 0 17574940 16291498 20333503 17097473 18326162 16516532 15658367 13131075 0 8411202 6925978 5781921 
5742718 7483131 9643752 11046120 13362588 13736968 15623140 0 16352151 16837190 17228124 15854215 16333659 14337234 13023592 10696593 0 6617452 5324103 
5313525 6968924 8624470 10937317 11902135 13814008 13551810 15342143 0 16656595 14315820 15865691 14043735 14113405 11968898 10538346 8151758 0 5031298 
0 6561856 8451076 10274043 12226662 12862876 14865671 14103512 14971308 0 14971308 14103512 14865671 12862876 12226662 10274043 8451076 6561856 0 
5031298 0 8151758 10538346 11968898 14113405 14043735 15865691 14315820 16656595 0 15342143 13551810 13814008 11902135 10937317 8624470 6968924 5313525 
5324103 6617452 0 10696593 13023592 14337234 16333659 15854215 17228124 16837190 16352151 0 15623140 13736968 13362588 11046120 9643752 7483131 5742718 
5781921 6925978 8411202 0 13131075 15658367 16516532 18326162 17097473 20333503 16291498 17574940 0 15703216 12879501 12521772 9677649 7970352 6198707 
6318307 7712710 9171270 11046558 0 16073404 18883913 18729899 20469275 20317136 19117077 17791758 18159671 0 14940437 12404427 10260052 8626668 6849752 
6550577 8377076 9907166 11910424 13421019 0 18896803 22065679 20164501 24125195 19427789 20271937 17768335 17791949 0 13268899 11026120 9083393 7185738 
7613131 9063541 11213330 13384726 15219185 16739536 0 22130119 25424170 24374309 23544515 21120859 21463484 18248194 16257325 0 12011027 9945813 8072648 
8018911 10049814 11838980 14804919 16356580 19092112 19885476 0 25043817 31689707 22861261 25349598 21430398 19131214 17577735 15501324 0 11062556 8853336 
9090993 10966582 13731094 15941344 18585085 20481516 22826429 23651069 0 30898467 30473169 25380871 24357277 22121364 19417744 16878087 14520559 0 10055046 
9955333 13020646 15118445 19252561 20708880 24161257 25524834 26950263 26552588 0 31017732 31307829 28211363 26292484 22344321 19927152 16096752 14021764 0 
0 13200700 16563750 18904585 22671164 23997841 28680971 29253905 30801145 26552588 0 25735767 25010481 22926774 20865888 17727523 15195947 12208193 10055046 
9955333 0 14184163 18140252 19331563 23000097 23332522 26847659 26759957 29906829 26088644 0 22560324 21561029 18171817 16721512 13198455 11559288 8853336 
9090993 10803527 0 15248204 17971753 19621074 21329537 22235421 26601722 22102508 28240319 22953496 0 18311971 16612352 14232841 12098621 9714245 8072648 
8018911 10486760 11734361 0 15928433 19075204 20042304 24061421 20991108 22922404 22474008 25033407 19628150 0 14726694 13510607 10960834 9490282 7185738 
7613131 9106938 11461165 12991557 0 16757220 20447322 19548896 21652829 17967625 22602986 20133947 20702523 16359393 0 11843699 9844539 8270144 6849752 
6550577 9034027 10250730 13110810 13766629 0 16845969 20117368 18486119 19214413 17976683 20996299 17735758 17646875 13379216 0 9101717 7757839 6198707 
6318307 7815891 10061273 11770112 14213978 14514713 0 16169642 18359505 16495314 19018042 16487676 17956331 15237502 13832917 10964795 0 7035743 5742718 
5781921 7707824 8995252 12077674 12597913 15259997 14492086 0 14894624 16540426 16040526 17729374 14688819 15657325 12569523 11322198 8356687 0 5313525 
5324103 7028871 9131925 10304982 13007695 13383688 15550328 13905810 0 13529995 16042913 15010628 15567591 13028384 12753902 10521364 8456260 6530085 0 
5031298 6707899 8259023 10941897 10921325 14020017 13771514 15595828 13321138 0 13321138 15595828 13771514 14020017 10921325 10941897 8259023 6707899 5031298 
0 6530085 8456260 10521364 12753902 13028384 15567591 15010628 16042913 13529995 0 13905810 15550328 13383688 13007695 10304982 9131925 7028871 5324103 
5313525 0 8356687 11322198 12569523 15657325 14688819 17729374 16040526 16540426 14894624 0 14492086 15259997 12597913 12077674 8995252 7707824 5781921 
5742718 7035743 0 10964795 13832917 15237502 17956331 16487676 19018042 16495314 18359505 16169642 0 14514713 14213978 11770112 10061273 7815891 6318307 
6198707 7757839 9101717 0 13379216 17646875 17735758 20996299 17976683 19214413 18486119 20117368 16845969 0 13766629 13110810 10250730 9034027 6550577 
6849752 8270144 9844539 11843699 0 16359393 20702523 20133947 22602986 17967625 21652829 19548896 20447322 16757220 0 12991557 11461165 9106938 7613131 
7185738 9490282 10960834 13510607 14726694 0 19628150 25033407 22474008 22922404 20991108 24061421 20042304 19075204 15928433 0 11734361 10486760 8018911 
8072648 9714245 12098621 14232841 16612352 18311971 0 22953496 28240319 22102508 26601722 22235421 21329537 19621074 17971753 15248204 0 10803527 9090993 
8853336 11559288 13198455 16721512 18171817 21561029 22560324 0 26088644 29906829 26759957 26847659 23332522 23000097 19331563 18140252 14184163 0 9955333 
10055046 12208193 15195947 17727523 20865888 22926774 25010481 25735767 0 26552588 30801145 29253905 28680971 23997841 22671164 18904585 16563750 13200700 0 
0 13828805 15451921 19474453 21252722 25179750 26647852 29910446 25637332 26950263 25735767 0 24238385 22944359 20031240 18093985 14564743 12252852 9621669 
9941833 0 14471695 16429273 19798728 21215626 23956329 25286546 25137452 23748311 25933660 24967405 0 20326753 18585070 15754707 13248852 10701060 8800131 
8771794 11062425 0 15637284 17277469 20030153 21284425 22823153 22341832 26459729 21067187 25844494 21526352 0 16258351 15005281 11774296 10143818 7883527 
7941434 9760939 11966503 0 16107025 18204716 20416392 21055005 22444617 20870431 22902095 20398254 21705266 17742375 0 13057236 11205198 9091044 7502045 
7313921 9354230 11158602 13216010 0 17142943 18262993 21879543 18771418 20772746 18957798 22778064 18013777 18045034 14358977 0 9939426 8430978 6780737 
6924298 8515204 10510140 12628051 14240588 0 18716512 17889032 19260245 17880914 19132069 18669589 19347334 15464640 14578721 11707316 0 7723743 6364710 
6296750 8218671 9661191 11975279 13148117 15976358 0 17980164 15737881 18127107 16076018 18782040 16463557 16331430 12841008 11651766 8921922 0 5827563 
5896282 7621941 9557807 11176655 13488272 14026510 16255793 0 15863898 15189260 16666365 15905695 16833694 14273608 13687260 10708439 8866576 6934565 0 
5451722 7143305 8948376 11637656 12219129 14679461 14096105 15997537 0 15233341 13953485 16926542 14482600 15074801 12272174 11386008 8374395 6835532 5313525 
5324103 6839144 9233059 10795213 13177911 13700587 16095164 14723035 14733149 0 14733149 14723035 16095164 13700587 13177911 10795213 9233059 6839144 5324103 
5313525 6835532 8374395 11386008 12272174 15074801 14482600 16926542 13953485 15233341 0 15997537 14096105 14679461 12219129 11637656 8948376 7143305 5451722 
0 6934565 8866576 10708439 13687260 14273608 16833694 15905695 16666365 15189260 15863898 0 16255793 14026510 13488272 11176655 9557807 7621941 5896282 
5827563 0 8921922 11651766 12841008 16331430 16463557 18782040 16076018 18127107 15737881 17980164 0 15976358 13148117 11975279 9661191 8218671 6296750 
6364710 7723743 0 11707316 14578721 15464640 19347334 18669589 19132069 17880914 19260245 17889032 18716512 0 14240588 12628051 10510140 8515204 6924298 
6780737 8430978 9939426 0 14358977 18045034 18013777 22778064 18957798 20772746 18771418 21879543 18262993 17142943 0 13216010 11158602 9354230 7313921 
7502045 9091044 11205198 13057236 0 17742375 21705266 20398254 22902095 20870431 22444617 21055005 20416392 18204716 16107025 0 11966503 9760939 7941434 
7883527 10143818 11774296 15005281 16258351 0 21526352 25844494 21067187 26459729 22341832 22823153 21284425 20030153 17277469 15637284 0 11062425 8771794 
8800131 10701060 13248852 15754707 18585070 20326753 0 24967405 25933660 23748311 25137452 25286546 23956329 21215626 19798728 16429273 14471695 0 9941833 
9621669 12252852 14564743 18093985 20031240 22944359 24238385 0 25735767 26950263 25637332 29910446 26647852 25179750 21252722 19474453 15451921 13828805 0 
0 11857288 15109089 17552496 20638345 22545039 25845191 23444880 25547044 25524834 25010481 24238385 0 21067606 18955461 16618233 13949921 11351351 9086886 
9080974 0 13421381 16849343 18527377 21526965 23215758 24007447 22553195 24540933 23398828 25358702 23207074 0 17767593 16151148 12816450 10982088 8467362 
8719938 10481896 0 14850284 17090224 19415513 21080192 21852874 22230656 21374652 23675217 20727373 23658089 19499056 0 14311775 12226644 9745010 8043256 
7981829 10333837 11785185 0 16047603 18565445 20456859 19639407 21336712 24309039 19641859 21388291 19627902 20106237 15890891 0 10952014 9561596 7391030 
7411956 9243059 11361908 13333706 0 16710069 18321459 19174501 20692295 20077733 21087303 17705841 20168007 16876320 15874352 12875661 0 8461096 6965493 
6719775 8771406 10475827 13085950 14115769 0 16878617 18792446 18105160 19589238 18253947 19075535 16711540 17263142 14011178 12858594 9767133 0 6295916 
6496181 8055495 9810192 12230064 13633116 14889751 0 15852517 17682680 17438297 17694886 16743719 18216188 14592483 14100423 11582139 9612039 7562084 0 
6046964 7944969 9482268 11324662 13418053 15747238 15311875 0 15233220 17226262 16763966 16264826 16152595 16101305 12534531 11888312 9147216 7600997 5827563 
5896282 7571536 9505534 11472714 13718313 14975643 16732613 14849669 0 15151114 16691697 16281317 16655529 14795320 14061958 11071847 9408562 7412093 5742718 
5781921 7522455 9023339 12277684 12937575 15681972 16103042 16418814 14753122 0 14753122 16418814 16103042 15681972 12937575 12277684 9023339 7522455 5781921 
5742718 7412093 9408562 11071847 14061958 14795320 16655529 16281317 16691697 15151114 0 14849669 16732613 14975643 13718313 11472714 9505534 7571536 5896282 
5827563 7600997 9147216 11888312 12534531 16101305 16152595 16264826 16763966 17226262 15233220 0 15311875 15747238 13418053 11324662 9482268 7944969 6046964 
0 7562084 9612039 11582139 14100423 14592483 18216188 16743719 17694886 17438297 17682680 15852517 0 14889751 13633116 12230064 9810192 8055495 6496181 
6295916 0 9767133 12858594 14011178 17263142 16711540 19075535 18253947 19589238 18105160 18792446 16878617 0 14115769 13085950 10475827 8771406 6719775 
6965493 8461096 0 12875661 15874352 16876320 20168007 17705841 21087303 20077733 20692295 19174501 18321459 16710069 0 13333706 11361908 9243059 7411956 
7391030 9561596 10952014 0 15890891 20106237 19627902 21388291 19641859 24309039 21336712 19639407 20456859 18565445 16047603 0 11785185 10333837 7981829 
8043256 9745010 12226644 14311775 0 19499056 23658089 20727373 23675217 21374652 22230656 21852874 21080192 19415513 17090224 14850284 0 10481896 8719938 
8467362 10982088 12816450 16151148 17767593 0 23207074 25358702 23398828 24540933 22553195 24007447 23215758 21526965 18527377 16849343 13421381 0 9080974 
9086886 11351351 13949921 16618233 18955461 21067606 0 24238385 25010481 25524834 25547044 23444880 25845191 22545039 20638345 17552496 15109089 11857288 0 
0 11386237 12834191 16579844 17941543 22017576 19783740 22591387 22521387 24161257 22926774 22944359 21067606 0 17212723 15274291 12511161 10325290 8279738 
8718520 0 13107370 14987798 17812555 19501168 21564353 20586322 21903501 22011961 22068225 21372391 22101560 19874106 0 14700147 12495809 9964628 7934324 
7968678 10582875 0 15095047 16540681 19490896 19558296 22015344 20694689 21342453 20779103 22303969 19051857 21101040 16995664 0 11692142 10202841 7670027 
7877566 9461276 11904533 0 16015920 17625793 18700669 19933538 21503031 20155323 21523040 18974662 19570061 17669945 17360365 13880992 0 9072089 7640994 
7419935 9466333 11248707 13787719 0 16898722 17561587 19005227 19886216 23308565 18816296 19838624 16932431 18535527 15020823 14273654 10827631 0 6942596 
7125933 8763428 10906919 12882904 14397744 0 16415045 17571509 19953572 19128141 20719827 17017881 17036068 15517981 15332074 12480190 10772993 8286709 0 
6407162 8526988 10110544 12689466 13966606 15322183 0 18289999 17078319 19228691 17824229 19125508 15280807 16085190 13527205 12835371 9847988 8329001 6295916 
6496181 8021456 10185648 12355259 14229772 15512231 16910328 0 18547320 17511169 18732265 17314549 17944023 14847991 14332794 11899524 10377000 7970886 6364710 
6296750 8122876 9617495 12491996 14094357 17099420 15626690 18141693 0 18384542 16765955 18202043 16220744 17471366 13269234 12454723 9650857 8060288 6198707 
6318307 7915055 9763714 11665687 15272702 15787969 17016665 16587539 18108519 0 18108519 16587539 17016665 15787969 15272702 11665687 9763714 7915055 6318307 
6198707 8060288 9650857 12454723 13269234 17471366 16220744 18202043 16765955 18384542 0 18141693 15626690 17099420 14094357 12491996 9617495 8122876 6296750 
6364710 7970886 10377000 11899524 14332794 14847991 17944023 17314549 18732265 17511169 18547320 0 16910328 15512231 14229772 12355259 10185648 8021456 6496181 
6295916 8329001 9847988 12835371 13527205 16085190 15280807 19125508 17824229 19228691 17078319 18289999 0 15322183 13966606 12689466 10110544 8526988 6407162 
0 8286709 10772993 12480190 15332074 15517981 17036068 17017881 20719827 19128141 19953572 17571509 16415045 0 14397744 12882904 10906919 8763428 7125933 
6942596 0 10827631 14273654 15020823 18535527 16932431 19838624 18816296 23308565 19886216 19005227 17561587 16898722 0 13787719 11248707 9466333 7419935 
7640994 9072089 0 13880992 17360365 17669945 19570061 18974662 21523040 20155323 21503031 19933538 18700669 17625793 16015920 0 11904533 9461276 7877566 
7670027 10202841 11692142 0 16995664 21101040 19051857 22303969 20779103 21342453 20694689 22015344 19558296 19490896 16540681 15095047 0 10582875 7968678 
7934324 9964628 12495809 14700147 0 19874106 22101560 21372391 22068225 22011961 21903501 20586322 21564353 19501168 17812555 14987798 13107370 0 8718520 
8279738 10325290 12511161 15274291 17212723 0 21067606 22944359 22926774 24161257 22521387 22591387 19783740 22017576 17941543 16579844 12834191 11386237 0 
0 8779791 11894606 13439273 16352165 16037539 18651032 19063172 20920508 20708880 20865888 20031240 18955461 17212723 0 13325931 10886889 9136698 7060966 
7315752 0 11572217 15091484 16134044 18525362 18102901 20595003 20158081 21723717 20800785 20795741 19242644 19057098 16573087 0 11598951 9787791 7609242 
7985055 9501092 0 14038919 16464508 17071193 19860060 19260022 20540695 20468706 20507109 19947788 20157919 17120827 17678438 14350647 0 9581869 7828307 
7509913 9942015 11496884 0 15281234 17268535 18267047 20691571 19241578 20676939 19445721 21021471 17937422 17816979 15584499 15127969 11385195 0 7368007 
7288059 9182244 11418914 13467834 0 15884917 18057482 19114999 20152032 19200430 20564836 18188877 18482471 15647553 15904496 13264390 11725083 8987997 0 
7131582 9213727 10848580 13595231 14775784 0 17021123 19240289 19268491 22206596 18312518 19773442 16561203 16457826 14433114 13870960 10726919 9390612 6942596 
7125933 8620501 10934238 13107985 15192638 15561736 0 18274646 21251197 19613334 21151525 17760037 17842539 15044069 15415354 12611526 11131646 8736362 6965493 
6719775 8934161 10339008 13366921 14894195 16558582 17129081 0 18725549 21661676 19167873 20662694 16549877 16681045 14009788 13634078 10440231 8921926 6780737 
6924298 8498552 10708846 12517342 15147942 15935320 19018479 18389816 0 18971824 20960367 18600765 19214612 15275462 15542195 12407614 10620771 8569709 6849752 
6550577 8673209 10125724 13116508 13939281 17202338 17291177 20404971 18317515 0 18317515 20404971 17291177 17202338 13939281 13116508 10125724 8673209 6550577 
6849752 8569709 10620771 12407614 15542195 15275462 19214612 18600765 20960367 18971824 0 18389816 19018479 15935320 15147942 12517342 10708846 8498552 6924298 
6780737 8921926 10440231 13634078 14009788 16681045 16549877 20662694 19167873 21661676 18725549 0 17129081 16558582 14894195 13366921 10339008 8934161 6719775 
6965493 8736362 11131646 12611526 15415354 15044069 17842539 17760037 21151525 19613334 21251197 18274646 0 15561736 15192638 13107985 10934238 8620501 7125933 
6942596 9390612 10726919 13870960 14433114 16457826 16561203 19773442 18312518 22206596 19268491 19240289 17021123 0 14775784 13595231 10848580 9213727 7131582 
0 8987997 11725083 13264390 15904496 15647553 18482471 18188877 20564836 19200430 20152032 19114999 18057482 15884917 0 13467834 11418914 9182244 7288059 
7368007 0 11385195 15127969 15584499 17816979 17937422 21021471 19445721 20676939 19241578 20691571 18267047 17268535 15281234 0 11496884 9942015 7509913 
7828307 9581869 0 14350647 17678438 17120827 20157919 19947788 20507109 20468706 20540695 19260022 19860060 17071193 16464508 14038919 0 9501092 7985055 
7609242 9787791 11598951 0 16573087 19057098 19242644 20795741 20800785 21723717 20158081 20595003 18102901 18525362 16134044 15091484 11572217 0 7315752 
7060966 9136698 10886889 13325931 0 17212723 18955461 20031240 20865888 20708880 20920508 19063172 18651032 16037539 16352165 13439273 11894606 8779791 0 
0 7813445 8862923 12507054 11979648 14663754 15565078 17735107 17593481 19252561 17727523 18093985 16618233 15274291 13325931 0 9539290 7605416 6176892 
6440634 0 10412094 11837792 14386529 14602902 16632470 17462950 18966626 18656523 19168676 18014862 17491914 15922430 14663863 12822026 0 8480137 6581481 
6670430 9197414 0 13640141 14169957 17199138 17026773 18460359 19020635 20141471 19365682 19425373 17720210 17777968 14706565 14355940 11380785 0 7280973 
7596200 8755684 11321861 0 14855186 16184484 18829570 18071747 18713342 19461015 19475942 18734508 19336470 16008483 15408125 13272659 11824478 9258166 0 
7074618 9538959 10903298 13893293 0 16941686 18164712 20318937 18696029 18750699 19417006 20529362 17645569 17626738 13862739 14313595 11127618 9890114 7368007 
7288059 8952519 11568480 13482927 15157205 0 18476296 19846660 21348171 19739822 20397504 19316417 19382958 16218854 15639127 13262667 11901947 9249190 7640994 
7419935 9232604 11036762 14613952 15215165 17432656 0 20633657 20884942 24615525 19801858 20326237 18206178 17924657 14659217 14740099 11173242 9708020 7391030 
7411956 9192834 10992753 13242060 15805765 17285898 19269640 0 23016131 21101304 22816735 19078081 18823108 16896630 15686172 13425037 11720449 9103977 7502045 
7313921 9559303 11290905 13448161 14641531 18211177 19359889 22621180 0 23513182 20874253 22620606 18171542 17545780 14993454 13942701 11263171 9714132 7185738 
7613131 9206342 11534646 13534508 14166583 16641578 21621920 20526516 23067732 0 23067732 20526516 21621920 16641578 14166583 13534508 11534646 9206342 7613131 
7185738 9714132 11263171 13942701 14993454 17545780 18171542 22620606 20874253 23513182 0 22621180 19359889 18211177 14641531 13448161 11290905 9559303 7313921 
7502045 9103977 11720449 13425037 15686172 16896630 18823108 19078081 22816735 21101304 23016131 0 19269640 17285898 15805765 13242060 10992753 9192834 7411956 
7391030 9708020 11173242 14740099 14659217 17924657 18206178 20326237 19801858 24615525 20884942 20633657 0 17432656 15215165 14613952 11036762 9232604 7419935 
7640994 9249190 11901947 13262667 15639127 16218854 19382958 19316417 20397504 19739822 21348171 19846660 18476296 0 15157205 13482927 11568480 8952519 7288059 
7368007 9890114 11127618 14313595 13862739 17626738 17645569 20529362 19417006 18750699 18696029 20318937 18164712 16941686 0 13893293 10903298 9538959 7074618 
0 9258166 11824478 13272659 15408125 16008483 19336470 18734508 19475942 19461015 18713342 18071747 18829570 16184484 14855186 0 11321861 8755684 7596200 
7280973 0 11380785 14355940 14706565 17777968 17720210 19425373 19365682 20141471 19020635 18460359 17026773 17199138 14169957 13640141 0 9197414 6670430 
6581481 8480137 0 12822026 14663863 15922430 17491914 18014862 19168676 18656523 18966626 17462950 16632470 14602902 14386529 11837792 10412094 0 6440634 
6176892 7605416 9539290 0 13325931 15274291 16618233 18093985 17727523 19252561 17593481 17735107 15565078 14663754 11979648 12507054 8862923 7813445 0 
0 5321785 7319531 8362303 10600588 11424545 13390666 13880793 14988049 15118445 15195947 14564743 13949921 12511161 10886889 9539290 0 6190880 4609166 
5042271 0 7961815 10897764 11463416 14066762 14619577 16403416 16374659 17564382 16817062 16845277 15601602 14715029 12836711 11476074 9426995 0 5818294 
6161030 7303268 0 10981716 13715638 14438648 16571658 16939844 18166098 18199381 18170149 17668656 16707070 15414021 14586750 12287014 10713627 8540658 0 
6620692 8810122 10070088 0 13948601 16641503 16430860 18772869 18564581 19407133 19042618 18460422 17533232 17352021 14323682 13673998 10981739 9624680 7280973 
7596200 8972134 11337083 12998738 0 17209295 19746270 18727799 20373193 20244721 20108759 19695279 19675558 16949775 16030713 13128914 12275847 9464569 7828307 
7509913 9832809 11342890 14035661 15835281 0 20092823 22427454 20299469 21945618 20595135 22000012 18953976 18708496 15441601 14548839 11747076 10098522 7670027 
7877566 9648697 12041516 13371314 16720597 18850991 0 22363573 23779710 21166951 23448855 20534731 20776170 17761318 16639195 13958293 12086380 9913536 8043256 
7981829 10083104 11795141 14443923 15423748 19767730 21343748 0 23735105 27419471 20919929 22812268 19555308 19565749 16033521 14023993 12153821 10249655 7883527 
7941434 10029773 12255716 14021355 16449773 17841769 22062779 23227844 0 24166000 25957627 20559274 21802540 18138001 16225504 14253412 12160848 10074935 8072648 
8018911 10299129 12184589 14332011 16160554 19002290 19528772 25932290 23815323 0 23815323 25932290 19528772 19002290 16160554 14332011 12184589 10299129 8018911 
8072648 10074935 12160848 14253412 16225504 18138001 21802540 20559274 25957627 24166000 0 23227844 22062779 17841769 16449773 14021355 12255716 10029773 7941434 
7883527 10249655 12153821 14023993 16033521 19565749 19555308 22812268 20919929 27419471 23735105 0 21343748 19767730 15423748 14443923 11795141 10083104 7981829 
8043256 9913536 12086380 13958293 16639195 17761318 20776170 20534731 23448855 21166951 23779710 22363573 0 18850991 16720597 13371314 12041516 9648697 7877566 
7670027 10098522 11747076 14548839 15441601 18708496 18953976 22000012 20595135 21945618 20299469 22427454 20092823 0 15835281 14035661 11342890 9832809 7509913 
7828307 9464569 12275847 13128914 16030713 16949775 19675558 19695279 20108759 20244721 20373193 18727799 19746270 17209295 0 12998738 11337083 8972134 7596200 
7280973 9624680 10981739 13673998 14323682 17352021 17533232 18460422 19042618 19407133 18564581 18772869 16430860 16641503 13948601 0 10070088 8810122 6620692 
0 8540658 10713627 12287014 14586750 15414021 16707070 17668656 18170149 18199381 18166098 16939844 16571658 14438648 13715638 10981716 0 7303268 6161030 
5818294 0 9426995 11476074 12836711 14715029 15601602 16845277 16817062 17564382 16374659 16403416 14619577 14066762 11463416 10897764 7961815 0 5042271 
4609166 6190880 0 9539290 10886889 12511161 13949921 14564743 15195947 15118445 14988049 13880793 13390666 11424545 10600588 8362303 7319531 5321785 0 
0 4387076 4986701 7144006 7765424 10035263 10282824 12082079 11872323 13020646 12208193 12252852 11351351 10325290 9136698 7605416 6190880 0 3811234 
3947486 0 6445448 7535157 9934348 10636419 12749431 12866955 14096700 14050072 14364125 13712364 13157717 11976955 10456263 9404606 7331697 6004095 0 
4765236 6468491 0 10282022 10776414 13640037 14181529 16228393 15782406 16953225 16379271 16470960 15215088 14219355 12617507 11294527 9288509 7549842 5818294 
6161030 7064457 9184338 0 13609495 14228023 16618499 17112769 18543329 18255906 18612182 18017836 17221067 15646333 14552995 12296318 10321512 8516339 6581481 
6670430 9249363 9905650 13295002 0 18336849 18187005 20285627 19993552 21440283 20332712 20373355 19161827 18838337 15674011 14446983 11301516 9582156 7609242 
7985055 9056139 11587601 13304926 16899343 0 22006644 21009219 21701067 21883765 22172533 21117396 21698787 18416555 17566767 14332449 11982741 10049427 7934324 
7968678 10794550 11756825 15172389 16708456 21410268 0 25485389 23380316 23540308 23044532 25126315 21250739 21250549 17477833 15551626 12602101 10884382 8467362 
8719938 10285508 12998671 14832265 17842151 19722229 24152586 0 27097383 24200641 25655450 22761516 24125828 19808027 17970945 15581018 12935641 10813503 8800131 
8771794 11342292 12642398 16288817 17729092 20536732 22536567 27169257 0 31887256 24486783 25851706 22234956 21036353 17965017 16324261 13091457 11424706 8853336 
9090993 10985930 13301016 15642824 18640003 20295530 22210085 23892556 30629411 0 30629411 23892556 22210085 20295530 18640003 15642824 13301016 10985930 9090993 
8853336 11424706 13091457 16324261 17965017 21036353 22234956 25851706 24486783 31887256 0 27169257 22536567 20536732 17729092 16288817 12642398 11342292 8771794 
8800131 10813503 12935641 15581018 17970945 19808027 24125828 22761516 25655450 24200641 27097383 0 24152586 19722229 17842151 14832265 12998671 10285508 8719938 
8467362 10884382 12602101 15551626 17477833 21250549 21250739 25126315 23044532 23540308 23380316 25485389 0 21410268 16708456 15172389 11756825 10794550 7968678 
7934324 10049427 11982741 14332449 17566767 18416555 21698787 21117396 22172533 21883765 21701067 21009219 22006644 0 16899343 13304926 11587601 9056139 7985055 
7609242 9582156 11301516 14446983 15674011 18838337 19161827 20373355 20332712 21440283 19993552 20285627 18187005 18336849 0 13295002 9905650 9249363 6670430 
6581481 8516339 10321512 12296318 14552995 15646333 17221067 18017836 18612182 18255906 18543329 17112769 16618499 14228023 13609495 0 9184338 7064457 6161030 
5818294 7549842 9288509 11294527 12617507 14219355 15215088 16470960 16379271 16953225 15782406 16228393 14181529 13640037 10776414 10282022 0 6468491 4765236 
0 6004095 7331697 9404606 10456263 11976955 13157717 13712364 14364125 14050072 14096700 12866955 12749431 10636419 9934348 7535157 6445448 0 3947486 
3811234 0 6190880 7605416 9136698 10325290 11351351 12252852 12208193 13020646 11872323 12082079 10282824 10035263 7765424 7144006 4986701 4387076 0 
0 2811644 3947486 5042271 6440634 7315752 8718520 9080974 9941833 9955333 10055046 9621669 9086886 8279738 7060966 6176892 4609166 3811234 0 
2811644 0 4674504 6679230 7614321 9539462 10209056 11682302 11476882 12698280 11800065 12133574 11024332 10356897 9060803 7745858 6327400 4812412 3811234 
3947486 4674504 0 7590029 9794875 11183121 13051970 13601887 14574519 14764108 15011058 14146475 13788060 12366617 10933580 9698677 7791170 6327400 4609166 
5042271 6679230 7590029 0 11391825 14290168 15213309 17538203 17384199 18824086 17565629 17966516 16383180 15390334 13405782 12048424 9698677 7745858 6176892 
6440634 7614321 9794875 11391825 0 15799577 18444173 19066537 20562481 20933928 20658172 19845116 19081169 17122765 16106058 13405782 10933580 9060803 7060966 
7315752 9539462 11183121 14290168 15799577 0 20579892 22827984 22628690 24225446 23023838 23036475 21205396 21186952 17122765 15390334 12366617 10356897 8279738 
8718520 10209056 13051970 15213309 18444173 20579892 0 24546664 25969852 25764792 25654014 24611251 25010014 21205396 19081169 16383180 13788060 11024332 9086886 
9080974 11682302 13601887 17538203 19066537 22827984 24546664 0 27085313 28991457 26898927 29135220 24611251 23036475 19845116 17966516 14146475 12133574 9621669 
9941833 11476882 14574519 17384199 20562481 22628690 25969852 27085313 0 29074672 30987078 26898927 25654014 23023838 20658172 17565629 15011058 11800065 10055046 
9955333 12698280 14764108 18824086 20933928 24225446 25764792 28991457 29074672 0 29074672 28991457 25764792 24225446 20933928 18824086 14764108 12698280 9955333 
10055046 11800065 15011058 17565629 20658172 23023838 25654014 26898927 30987078 29074672 0 27085313 25969852 22628690 20562481 17384199 14574519 11476882 9941833 
9621669 12133574 14146475 17966516 19845116 23036475 24611251 29135220 26898927 28991457 27085313 0 24546664 22827984 19066537 17538203 13601887 11682302 9080974 
9086886 11024332 13788060 16383180 19081169 21205396 25010014 24611251 25654014 25764792 25969852 24546664 0 20579892 18444173 15213309 13051970 10209056 8718520 
8279738 10356897 12366617 15390334 17122765 21186952 21205396 23036475 23023838 24225446 22628690 22827984 20579892 0 15799577 14290168 11183121 9539462 7315752 
7060966 9060803 10933580 13405782 16106058 17122765 19081169 19845116 20658172 20933928 20562481 19066537 18444173 15799577 0 11391825 9794875 7614321 6440634 
6176892 7745858 9698677 12048424 13405782 15390334 16383180 17966516 17565629 18824086 17384199 17538203 15213309 14290168 11391825 0 7590029 6679230 5042271 
4609166 6327400 7791170 9698677 10933580 12366617 13788060 14146475 15011058 14764108 14574519 13601887 13051970 11183121 9794875 7590029 0 4674504 3947486 
3811234 4812412 6327400 7745858 9060803 10356897 11024332 12133574 11800065 12698280 11476882 11682302 10209056 9539462 7614321 6679230 4674504 0 2811644 
0 3811234 4609166 6176892 7060966 8279738 9086886 9621669 10055046 9955333 9941833 9080974 8718520 7315752 6440634 5042271 3947486 2811644 0 
