13 73712
2760 0 0 0 0 0 0 0 0 0 0 0 0 
0 3799 0 0 0 0 0 0 0 0 0 0 0 
0 0 5508 0 0 0 0 0 0 0 0 0 0 
0 0 0 6023 0 0 0 0 0 0 0 0 0 
0 0 0 0 7346 0 0 0 0 0 0 0 0 
0 0 0 0 0 7385 0 0 0 0 0 0 0 
0 0 0 0 0 0 8070 0 0 0 0 0 0 
0 0 0 0 0 0 0 7385 0 0 0 0 0 
0 0 0 0 0 0 0 0 7346 0 0 0 0 
0 0 0 0 0 0 0 0 0 6023 0 0 0 
0 0 0 0 0 0 0 0 0 0 5508 0 0 
0 0 0 0 0 0 0 0 0 0 0 3799 0 
0 0 0 0 0 0 0 0 0 0 0 0 2760 
0 0 169 273 420 507 505 490 511 439 274 161 50 
0 0 0 350 522 631 756 591 660 571 454 260 199 
155 0 0 0 559 718 789 860 679 571 572 340 197 
232 357 0 0 0 735 1013 946 1045 646 686 482 306 
261 350 574 0 0 0 972 931 864 860 622 417 342 
356 461 640 737 0 0 0 976 1048 806 879 457 367 
295 514 638 770 1038 0 0 0 1038 770 638 514 295 
367 457 879 806 1048 976 0 0 0 737 640 461 356 
342 417 622 860 864 931 972 0 0 0 574 350 261 
306 482 686 646 1045 946 1013 735 0 0 0 357 232 
197 340 572 571 679 860 789 718 559 0 0 0 155 
199 260 454 571 660 591 756 631 522 350 0 0 0 
50 161 274 439 511 490 505 507 420 273 169 0 0 
0 169 0 483 583 645 746 666 711 543 574 189 199 
155 0 327 0 676 671 653 629 691 585 473 424 156 
0 305 0 599 0 806 864 676 735 646 638 378 337 
291 0 579 0 749 0 782 755 730 563 548 402 258 
319 436 0 719 0 885 0 715 800 624 529 406 278 
248 406 652 0 897 0 990 0 774 628 540 318 253 
266 366 648 633 0 937 0 937 0 633 648 366 266 
253 318 540 628 774 0 990 0 897 0 652 406 248 
278 406 529 624 800 715 0 885 0 719 0 436 319 
258 402 548 563 730 755 782 0 749 0 579 0 291 
337 378 638 646 735 676 864 806 0 599 0 305 0 
156 424 473 585 691 629 653 671 676 0 327 0 155 
199 189 574 543 711 666 746 645 583 483 0 169 0 
0 273 483 0 675 705 723 783 709 569 488 418 197 
232 0 612 718 0 805 832 681 716 640 554 321 337 
291 371 0 753 866 0 663 592 610 494 467 334 216 
0 415 607 0 875 794 0 602 634 497 437 298 227 
236 0 520 726 0 817 858 0 617 536 487 344 259 
263 294 0 595 919 0 959 753 0 495 448 371 259 
243 360 405 0 725 853 0 853 725 0 405 360 243 
259 371 448 495 0 753 959 0 919 595 0 294 263 
259 344 487 536 617 0 858 817 0 726 520 0 236 
227 298 437 497 634 602 0 794 875 0 607 415 0 
216 334 467 494 610 592 663 0 866 753 0 371 291 
337 321 554 640 716 681 832 805 0 718 612 0 232 
197 418 488 569 709 783 723 705 675 0 483 273 0 
0 420 583 675 0 807 1110 977 948 536 608 376 306 
261 0 568 665 812 0 735 771 792 550 423 358 258 
319 361 0 474 930 646 0 669 691 594 491 309 227 
236 370 488 0 546 819 732 0 593 548 525 343 200 
0 304 515 512 0 630 808 721 0 448 465 393 230 
218 0 442 530 698 0 650 739 636 0 400 308 250 
255 257 0 491 700 606 0 606 700 491 0 257 255 
250 308 400 0 636 739 650 0 698 530 442 0 218 
230 393 465 448 0 721 808 630 0 512 515 304 0 
200 343 525 548 593 0 732 819 546 0 488 370 236 
227 309 491 594 691 669 0 646 930 474 0 361 319 
258 358 423 550 792 771 735 0 812 665 568 0 261 
306 376 608 536 948 977 1110 807 0 675 583 420 0 
0 507 645 705 807 0 1024 910 804 694 511 436 342 
356 0 723 594 891 876 0 819 666 573 530 421 278 
248 423 0 616 616 847 790 0 637 509 461 300 259 
263 302 529 0 709 646 808 693 0 460 434 282 230 
218 337 479 567 0 718 605 634 515 0 365 247 186 
0 274 433 464 600 0 808 581 550 376 0 270 176 
204 0 398 465 551 661 0 661 551 465 398 0 204 
176 270 0 376 550 581 808 0 600 464 433 274 0 
186 247 365 0 515 634 605 718 0 567 479 337 218 
230 282 434 460 0 693 808 646 709 0 529 302 263 
259 300 461 509 637 0 790 847 616 616 0 423 248 
278 421 530 573 666 819 0 876 891 594 723 0 356 
342 436 511 694 804 910 1024 0 807 705 645 507 0 
0 505 746 723 1110 1024 0 726 917 750 770 432 367 
295 0 499 620 688 959 1039 0 655 612 551 339 253 
266 347 0 500 675 606 1091 731 0 466 410 349 259 
243 353 423 0 579 599 728 759 582 0 380 276 250 
255 322 472 426 0 454 681 540 607 430 0 255 176 
204 340 435 496 456 0 496 566 512 492 369 0 192 
0 281 453 508 565 421 0 421 565 508 453 281 0 
192 0 369 492 512 566 496 0 456 496 435 340 204 
176 255 0 430 607 540 681 454 0 426 472 322 255 
250 276 380 0 582 759 728 599 579 0 423 353 243 
259 349 410 466 0 731 1091 606 675 500 0 347 266 
253 339 551 612 655 0 1039 959 688 620 499 0 295 
367 432 770 750 917 726 0 1024 1110 723 746 505 0 
0 490 666 783 977 910 726 0 730 683 635 490 295 
367 0 580 664 743 745 1035 762 0 585 641 339 266 
253 356 0 521 712 734 589 891 627 0 417 363 243 
259 325 445 0 710 616 659 580 730 495 0 282 255 
250 296 406 478 0 581 585 629 575 468 399 0 204 
176 360 456 395 512 0 441 461 588 482 399 262 0 
192 236 464 469 442 476 0 476 442 469 464 236 192 
0 262 399 482 588 461 441 0 512 395 456 360 176 
204 0 399 468 575 629 585 581 0 478 406 296 250 
255 282 0 495 730 580 659 616 710 0 445 325 259 
243 363 417 0 627 891 589 734 712 521 0 356 253 
266 339 641 585 0 762 1035 745 743 664 580 0 367 
295 490 635 683 730 0 726 910 977 783 666 490 0 
0 511 711 709 948 804 917 730 0 679 591 390 356 
342 0 602 588 727 644 619 779 739 0 544 361 248 
278 419 0 605 593 681 725 519 801 516 0 311 263 
259 369 501 0 707 605 620 611 527 568 415 0 218 
230 306 505 487 0 554 580 506 715 440 443 260 0 
186 331 412 490 513 0 574 489 509 512 347 304 204 
176 237 437 429 567 463 0 463 567 429 437 237 176 
204 304 347 512 509 489 574 0 513 490 412 331 186 
0 260 443 440 715 506 580 554 0 487 505 306 230 
218 0 415 568 527 611 620 605 707 0 501 369 259 
263 311 0 516 801 519 725 681 593 605 0 419 278 
248 361 544 0 739 779 619 644 727 588 602 0 342 
356 390 591 679 0 730 917 804 948 709 711 511 0 
0 439 543 569 536 694 750 683 679 0 471 398 261 
306 0 537 567 720 604 734 808 825 633 0 395 319 
258 383 0 515 547 552 662 688 665 690 461 0 236 
227 292 493 0 550 557 732 521 579 553 570 312 0 
200 289 469 480 0 598 583 591 542 490 585 355 218 
230 307 440 504 602 0 574 531 588 448 512 365 255 
250 264 427 574 513 558 0 558 513 574 427 264 250 
255 365 512 448 588 531 574 0 602 504 440 307 230 
218 355 585 490 542 591 583 598 0 480 469 289 200 
0 312 570 553 579 521 732 557 550 0 493 292 227 
236 0 461 690 665 688 662 552 547 515 0 383 258 
319 395 0 633 825 808 734 604 720 567 537 0 306 
261 398 471 0 679 683 750 694 536 569 543 439 0 
0 274 574 488 608 511 770 635 591 471 0 354 232 
197 0 520 574 532 597 529 609 596 494 501 0 291 
337 366 0 558 784 571 652 573 654 478 609 402 0 
216 370 511 0 608 794 494 612 465 513 442 396 236 
227 295 556 479 0 575 978 524 590 425 448 351 263 
259 299 408 646 593 0 612 795 502 517 468 364 243 
259 328 471 380 823 589 0 589 823 380 471 328 259 
243 364 468 517 502 795 612 0 593 646 408 299 259 
263 351 448 425 590 524 978 575 0 479 556 295 227 
236 396 442 513 465 612 494 794 608 0 511 370 216 
0 402 609 478 654 573 652 571 784 558 0 366 337 
291 0 501 494 596 609 529 597 532 574 520 0 197 
232 354 0 471 591 635 770 511 608 488 574 274 0 
0 161 189 418 376 436 432 490 390 398 354 0 155 
199 0 387 368 613 482 608 497 598 432 457 353 0 
156 315 0 508 502 608 605 567 575 536 444 333 291 
337 331 558 0 752 587 730 626 728 554 548 378 319 
258 442 450 588 0 869 581 707 625 569 493 363 248 
278 356 574 533 852 0 1079 582 752 587 527 341 266 
253 426 527 532 583 934 0 934 583 532 527 426 253 
266 341 527 587 752 582 1079 0 852 533 574 356 278 
248 363 493 569 625 707 581 869 0 588 450 442 258 
319 378 548 554 728 626 730 587 752 0 558 331 337 
291 333 444 536 575 567 605 608 502 508 0 315 156 
0 353 457 432 598 497 608 482 613 368 387 0 199 
155 0 354 398 390 490 432 436 376 418 189 161 0 
0 50 199 197 306 342 367 295 356 261 232 155 0 
50 0 153 315 422 371 530 439 408 348 380 228 155 
199 153 0 374 562 616 640 619 672 523 538 380 232 
197 315 374 0 561 633 772 680 733 626 523 348 261 
306 422 562 561 0 704 839 887 896 733 672 408 356 
342 371 616 633 704 0 887 912 887 680 619 439 295 
367 530 640 772 839 887 0 887 839 772 640 530 367 
295 439 619 680 887 912 887 0 704 633 616 371 342 
356 408 672 733 896 887 839 704 0 561 562 422 306 
261 348 523 626 733 680 772 633 561 0 374 315 197 
232 380 538 523 672 619 640 616 562 374 0 153 199 
155 228 380 348 408 439 530 371 422 315 153 0 50 
0 155 232 261 356 295 367 342 306 197 199 50 0 
