12 14200
500 0 0 0 0 0 0 0 0 0 0 0 
0 806 0 0 0 0 0 0 0 0 0 0 
0 0 1165 0 0 0 0 0 0 0 0 0 
0 0 0 1359 0 0 0 0 0 0 0 0 
0 0 0 0 1631 0 0 0 0 0 0 0 
0 0 0 0 0 1639 0 0 0 0 0 0 
0 0 0 0 0 0 1639 0 0 0 0 0 
0 0 0 0 0 0 0 1631 0 0 0 0 
0 0 0 0 0 0 0 0 1359 0 0 0 
0 0 0 0 0 0 0 0 0 1165 0 0 
0 0 0 0 0 0 0 0 0 0 806 0 
0 0 0 0 0 0 0 0 0 0 0 500 
0 0 35 34 144 119 100 139 111 59 41 24 
0 0 0 89 134 189 176 124 136 128 54 42 
34 0 0 0 136 194 211 240 171 145 100 42 
31 82 0 0 0 176 247 233 213 138 102 53 
52 92 140 0 0 0 227 245 212 217 97 72 
86 97 167 180 0 0 0 236 213 136 141 64 
64 141 136 213 236 0 0 0 180 167 97 86 
72 97 217 212 245 227 0 0 0 140 92 52 
53 102 138 213 233 247 176 0 0 0 82 31 
42 100 145 171 240 211 194 136 0 0 0 34 
42 54 128 136 124 176 189 134 89 0 0 0 
24 41 59 111 139 100 119 144 34 35 0 0 
0 35 0 113 151 181 142 179 145 111 66 42 
34 0 95 0 201 182 160 159 158 153 77 54 
0 82 0 167 0 176 191 159 158 141 93 61 
49 0 147 0 189 0 160 171 141 111 93 59 
52 117 0 187 0 227 0 164 138 119 86 58 
47 77 143 0 258 0 220 0 152 145 80 44 
44 80 145 152 0 220 0 258 0 143 77 47 
58 86 119 138 164 0 227 0 187 0 117 52 
59 93 111 141 171 160 0 189 0 147 0 49 
61 93 141 158 159 191 176 0 167 0 82 0 
54 77 153 158 159 160 182 201 0 95 0 34 
42 66 111 145 179 142 181 151 113 0 35 0 
0 34 113 0 194 192 213 194 152 130 95 42 
31 0 121 218 0 150 153 181 129 119 112 61 
49 79 0 178 173 0 137 158 121 96 77 52 
0 85 132 0 206 175 0 144 125 124 71 40 
54 0 130 185 0 192 193 0 123 101 95 44 
59 83 0 128 201 0 234 180 0 99 75 68 
68 75 99 0 180 234 0 201 128 0 83 59 
44 95 101 123 0 193 192 0 185 130 0 54 
40 71 124 125 144 0 175 206 0 132 85 0 
52 77 96 121 158 137 0 173 178 0 79 49 
61 112 119 129 181 153 150 0 218 121 0 31 
42 95 130 152 194 213 192 194 0 113 34 0 
0 144 151 194 0 235 236 252 150 117 99 53 
52 0 168 167 211 0 194 177 142 96 88 59 
52 71 0 102 237 172 0 155 130 123 66 40 
54 66 119 0 122 202 156 0 115 120 93 70 
0 58 103 108 0 141 168 141 0 81 63 47 
34 0 87 131 151 0 135 185 120 0 58 39 
39 58 0 120 185 135 0 151 131 87 0 34 
47 63 81 0 141 168 141 0 108 103 58 0 
70 93 120 115 0 156 202 122 0 119 66 54 
40 66 123 130 155 0 172 237 102 0 71 52 
59 88 96 142 177 194 0 211 167 168 0 52 
53 99 117 150 252 236 235 0 194 151 144 0 
0 119 181 192 235 0 233 159 192 161 95 72 
86 0 132 129 200 194 0 194 137 100 90 58 
47 94 0 142 129 248 175 0 115 101 71 44 
59 84 111 0 174 166 189 141 0 92 64 47 
34 78 99 128 0 163 119 142 102 0 57 18 
0 54 104 110 129 0 152 128 112 84 0 35 
35 0 84 112 128 152 0 129 110 104 54 0 
18 57 0 102 142 119 163 0 128 99 78 34 
47 64 92 0 141 189 166 174 0 111 84 59 
44 71 101 115 0 175 248 129 142 0 94 47 
58 90 100 137 194 0 194 200 129 132 0 86 
72 95 161 192 159 233 0 235 192 181 119 0 
0 100 142 213 236 233 0 182 164 209 96 64 
64 0 103 131 158 258 213 0 143 97 109 44 
44 71 0 119 190 127 229 154 0 90 74 68 
68 96 108 0 132 132 144 212 141 0 55 39 
39 78 119 80 0 81 138 140 132 98 0 35 
35 68 103 131 84 0 84 143 105 96 59 0 
0 59 96 105 143 84 0 84 131 103 68 35 
35 0 98 132 140 138 81 0 80 119 78 39 
39 55 0 141 212 144 132 132 0 108 96 68 
68 74 90 0 154 229 127 190 119 0 71 44 
44 109 97 143 0 213 258 158 131 103 0 64 
64 96 209 164 182 0 233 236 213 142 100 0 
0 139 179 194 252 159 182 0 171 156 113 86 
72 0 130 167 154 157 209 194 0 137 87 47 
58 84 0 132 146 162 125 198 118 0 66 59 
44 68 103 0 179 140 171 148 131 99 0 34 
47 60 70 108 0 124 103 149 106 86 57 0 
18 72 97 99 114 0 107 97 133 108 60 35 
35 60 108 133 97 107 0 114 99 97 72 18 
0 57 86 106 149 103 124 0 108 70 60 47 
34 0 99 131 148 171 140 179 0 103 68 44 
59 66 0 118 198 125 162 146 132 0 84 58 
47 87 137 0 194 209 157 154 167 130 0 72 
86 113 156 171 0 182 159 252 194 179 139 0 
0 111 145 152 150 192 164 171 0 123 99 52 
53 0 138 134 181 132 155 178 176 0 76 52 
59 86 0 127 144 155 137 99 157 102 0 54 
40 85 105 0 160 151 148 126 111 110 66 0 
70 56 114 120 0 148 136 141 116 109 73 34 
47 87 107 153 148 0 121 133 113 112 67 39 
39 67 112 113 133 121 0 148 153 107 87 47 
34 73 109 116 141 136 148 0 120 114 56 70 
0 66 110 111 126 148 151 160 0 105 85 40 
54 0 102 157 99 137 155 144 127 0 86 59 
52 76 0 176 178 155 132 181 134 138 0 53 
52 99 123 0 171 164 192 150 152 145 111 0 
0 59 111 130 117 161 209 156 123 0 68 31 
42 0 126 140 148 138 159 208 132 131 0 49 
61 89 0 128 147 107 149 176 142 148 81 0 
52 78 105 0 119 142 122 129 99 130 90 54 
40 82 104 100 0 147 161 134 113 103 105 59 
44 75 92 130 144 0 144 153 122 115 79 68 
68 79 115 122 153 144 0 144 130 92 75 44 
59 105 103 113 134 161 147 0 100 104 82 40 
54 90 130 99 129 122 142 119 0 105 78 52 
0 81 148 142 176 149 107 147 128 0 89 61 
49 0 131 132 208 159 138 148 140 126 0 42 
31 68 0 123 156 209 161 117 130 111 59 0 
0 41 66 95 99 95 96 113 99 68 0 34 
42 0 90 113 149 131 115 126 108 123 75 0 
54 88 0 140 208 145 143 137 125 87 97 49 
61 91 111 0 153 216 134 153 111 119 74 52 
59 90 165 146 0 183 207 135 143 96 83 47 
58 85 112 158 169 0 174 189 121 128 82 44 
44 82 128 121 189 174 0 169 158 112 85 58 
47 83 96 143 135 207 183 0 146 165 90 59 
52 74 119 111 153 134 216 153 0 111 91 61 
49 97 87 125 137 143 145 208 140 0 88 54 
0 75 123 108 126 115 131 149 113 90 0 42 
34 0 68 99 113 96 95 99 95 66 41 0 
0 24 42 42 53 72 64 86 52 31 34 0 
24 0 62 71 95 108 105 90 98 81 38 34 
42 62 0 124 121 153 142 155 122 132 81 31 
42 71 124 0 197 139 168 174 172 122 98 52 
53 95 121 197 0 233 187 240 174 155 90 86 
72 108 153 139 233 0 268 187 168 142 105 64 
64 105 142 168 187 268 0 233 139 153 108 72 
86 90 155 174 240 187 233 0 197 121 95 53 
52 98 122 172 174 168 139 197 0 124 71 42 
31 81 132 122 155 142 153 121 124 0 62 42 
34 38 81 98 90 105 108 95 71 62 0 24 
0 34 31 52 86 64 72 53 42 42 24 0 
