17 95815104
2729772 0 0 0 0 0 0 0 0 0 0 0 0 0 0 0 0 
0 3321745 0 0 0 0 0 0 0 0 0 0 0 0 0 0 0 
0 0 4423207 0 0 0 0 0 0 0 0 0 0 0 0 0 0 
0 0 0 5172708 0 0 0 0 0 0 0 0 0 0 0 0 0 
0 0 0 0 6214709 0 0 0 0 0 0 0 0 0 0 0 0 
0 0 0 0 0 6787111 0 0 0 0 0 0 0 0 0 0 0 
0 0 0 0 0 0 7546991 0 0 0 0 0 0 0 0 0 0 
0 0 0 0 0 0 0 7698195 0 0 0 0 0 0 0 0 0 
0 0 0 0 0 0 0 0 8026228 0 0 0 0 0 0 0 0 
0 0 0 0 0 0 0 0 0 7698195 0 0 0 0 0 0 0 
0 0 0 0 0 0 0 0 0 0 7546991 0 0 0 0 0 0 
0 0 0 0 0 0 0 0 0 0 0 6787111 0 0 0 0 0 
0 0 0 0 0 0 0 0 0 0 0 0 6214709 0 0 0 0 
0 0 0 0 0 0 0 0 0 0 0 0 0 5172708 0 0 0 
0 0 0 0 0 0 0 0 0 0 0 0 0 0 4423207 0 0 
0 0 0 0 0 0 0 0 0 0 0 0 0 0 0 3321745 0 
0 0 0 0 0 0 0 0 0 0 0 0 0 0 0 0 2729772 
0 0 102693 131063 197119 234164 289218 318998 333810 339284 321299 299231 244036 204427 140782 98757 66864 
0 0 0 184673 250279 307625 378583 383555 428700 398859 422621 353328 336041 248409 220312 133483 108276 
96159 0 0 0 303830 382521 449935 488812 493823 497350 472733 446953 379729 321066 248977 192519 128535 
128967 167077 0 0 0 436592 533334 560708 622471 561433 582805 495639 470693 363457 318418 218367 185608 
166966 202212 276401 0 0 0 579304 623688 653140 675550 600123 568868 490490 430905 338140 265271 195224 
201221 250185 352579 403524 0 0 0 677430 741728 698268 719417 591281 572890 451850 401467 283465 240637 
217078 280394 365584 451791 549628 0 0 0 739442 730037 706376 665614 565531 490075 393869 306506 234803 
251413 298485 421904 482063 616899 659634 0 0 0 744223 756941 665358 644518 491630 434094 311004 265447 
242574 314020 407987 517775 593026 680303 734302 0 0 0 734302 680303 593026 517775 407987 314020 242574 
265447 311004 434094 491630 644518 665358 756941 744223 0 0 0 659634 616899 482063 421904 298485 251413 
234803 306506 393869 490075 565531 665614 706376 730037 739442 0 0 0 549628 451791 365584 280394 217078 
240637 283465 401467 451850 572890 591281 719417 698268 741728 677430 0 0 0 403524 352579 250185 201221 
195224 265271 338140 430905 490490 568868 600123 675550 653140 623688 579304 0 0 0 276401 202212 166966 
185608 218367 318418 363457 470693 495639 582805 561433 622471 560708 533334 436592 0 0 0 167077 128967 
128535 192519 248977 321066 379729 446953 472733 497350 493823 488812 449935 382521 303830 0 0 0 96159 
108276 133483 220312 248409 336041 353328 422621 398859 428700 383555 378583 307625 250279 184673 0 0 0 
66864 98757 140782 204427 244036 299231 321299 339284 333810 318998 289218 234164 197119 131063 102693 0 0 
0 102693 0 217399 262972 323186 386988 398895 448897 412670 443030 361002 352647 249462 224190 130900 108276 
96159 0 187104 0 329574 368705 427067 447105 465443 472839 444578 435625 366385 319340 238494 182702 121822 
0 158244 0 294847 0 433163 505344 500664 542933 510104 526531 448743 447667 342931 306448 203196 177619 
161273 0 269066 0 431921 0 524851 562797 562001 559782 531693 520654 449446 396634 315693 236986 175982 
183392 235136 0 389741 0 552341 0 584634 636619 575262 591997 518439 505205 402045 374791 247347 211093 
190291 240408 332737 0 516011 0 646056 0 613460 613080 562486 531830 489953 421616 341436 269697 199313 
214259 254396 369580 425197 0 626110 0 704042 0 628770 643054 539772 520141 426286 390297 264748 232277 
211831 257413 355226 441714 511741 0 701297 0 743761 0 612019 574009 491931 429769 359039 275313 219620 
226565 262566 359106 415727 539115 553532 0 727551 0 727551 0 553532 539115 415727 359106 262566 226565 
219620 275313 359039 429769 491931 574009 612019 0 743761 0 701297 0 511741 441714 355226 257413 211831 
232277 264748 390297 426286 520141 539772 643054 628770 0 704042 0 626110 0 425197 369580 254396 214259 
199313 269697 341436 421616 489953 531830 562486 613080 613460 0 646056 0 516011 0 332737 240408 190291 
211093 247347 374791 402045 505205 518439 591997 575262 636619 584634 0 552341 0 389741 0 235136 183392 
175982 236986 315693 396634 449446 520654 531693 559782 562001 562797 524851 0 431921 0 269066 0 161273 
177619 203196 306448 342931 447667 448743 526531 510104 542933 500664 505344 433163 0 294847 0 158244 0 
121822 182702 238494 319340 366385 435625 444578 472839 465443 447105 427067 368705 329574 0 187104 0 96159 
108276 130900 224190 249462 352647 361002 443030 412670 448897 398895 386988 323186 262972 217399 0 102693 0 
0 131063 217399 0 340510 398419 432821 477689 498492 485318 470364 444853 389776 333105 237964 186400 128535 
128967 0 242204 327854 0 440845 512278 480803 543804 513696 515039 453866 442826 357441 305195 203132 177619 
161273 195644 0 368202 444944 0 504514 531824 501958 530411 507103 443222 422781 366629 303793 236465 180016 
0 224177 317143 0 500467 507908 0 507204 557001 503075 511089 465735 435517 364293 311685 233899 192513 
187124 0 311763 420605 0 571650 577472 0 530228 524805 501891 481644 427462 367145 305028 239654 190832 
211847 236211 0 397935 554696 0 672316 612387 0 525556 539533 463549 452722 376199 307686 239567 199559 
186150 249556 309208 0 482834 620788 0 680166 637537 0 510374 489677 428862 371608 310746 239793 193701 
199595 230420 322921 371616 0 532315 694759 0 744094 608683 0 472640 454672 363435 316552 235527 196981 
195060 240237 303920 386641 436640 0 597438 716578 0 716578 597438 0 436640 386641 303920 240237 195060 
196981 235527 316552 363435 454672 472640 0 608683 744094 0 694759 532315 0 371616 322921 230420 199595 
193701 239793 310746 371608 428862 489677 510374 0 637537 680166 0 620788 482834 0 309208 249556 186150 
199559 239567 307686 376199 452722 463549 539533 525556 0 612387 672316 0 554696 397935 0 236211 211847 
190832 239654 305028 367145 427462 481644 501891 524805 530228 0 577472 571650 0 420605 311763 0 187124 
192513 233899 311685 364293 435517 465735 511089 503075 557001 507204 0 507908 500467 0 317143 224177 0 
180016 236465 303793 366629 422781 443222 507103 530411 501958 531824 504514 0 444944 368202 0 195644 161273 
177619 203132 305195 357441 442826 453866 515039 513696 543804 480803 512278 440845 0 327854 242204 0 128967 
128535 186400 237964 333105 389776 444853 470364 485318 498492 477689 432821 398419 340510 0 217399 131063 0 
0 197119 262972 340510 0 471399 564332 565383 620803 572358 587968 506080 491066 333720 306062 209329 185608 
166966 0 289550 358466 458563 0 530062 578944 566705 552312 539864 508507 448614 370371 289549 231827 175982 
183392 227918 0 366128 504701 513606 0 524393 580144 536756 537816 484200 459771 355780 316555 224369 192513 
187124 230731 300121 0 436721 534384 515224 0 498805 513248 511959 456736 412695 350855 291226 222400 175074 
0 230991 320138 348365 0 473659 602589 535939 0 491370 511712 471694 424200 331763 305347 221372 189299 
182386 0 300745 373685 430849 0 520912 610836 560174 0 485286 455565 422029 335956 291862 226261 179783 
191387 213530 0 339642 487195 467955 0 535975 632617 533891 0 437353 413060 328721 290995 219087 185738 
178490 226018 279669 0 430766 529911 519667 0 553866 613061 516297 0 394479 325992 287348 220915 173483 
182547 219878 291068 312754 0 476062 603303 533729 0 533729 603303 476062 0 312754 291068 219878 182547 
173483 220915 287348 325992 394479 0 516297 613061 553866 0 519667 529911 430766 0 279669 226018 178490 
185738 219087 290995 328721 413060 437353 0 533891 632617 535975 0 467955 487195 339642 0 213530 191387 
179783 226261 291862 335956 422029 455565 485286 0 560174 610836 520912 0 430849 373685 300745 0 182386 
189299 221372 305347 331763 424200 471694 511712 491370 0 535939 602589 473659 0 348365 320138 230991 0 
175074 222400 291226 350855 412695 456736 511959 513248 498805 0 515224 534384 436721 0 300121 230731 187124 
192513 224369 316555 355780 459771 484200 537816 536756 580144 524393 0 513606 504701 366128 0 227918 183392 
175982 231827 289549 370371 448614 508507 539864 552312 566705 578944 530062 0 458563 358466 289550 0 166966 
185608 209329 306062 333720 491066 506080 587968 572358 620803 565383 564332 471399 0 340510 262972 197119 0 
0 234164 323186 398419 471399 0 591011 629551 660764 668329 600605 592114 439145 403107 324390 255703 195224 
201221 0 349538 389369 522266 555128 0 584144 633649 582436 599458 516793 481357 366321 344413 248756 211093 
190291 243981 0 393134 420973 579557 563674 0 534024 539839 531353 498848 403204 359176 287087 232401 190832 
211847 232714 327774 0 458837 463553 628685 529439 0 499243 507447 478197 411435 327644 308471 215178 189299 
182386 241081 287576 366590 0 507008 481914 576617 522066 0 458737 400922 382444 324998 262561 214965 166464 
0 208013 295477 319454 415997 0 540994 476131 584725 495312 0 387824 333574 305405 277022 197468 166816 
165121 0 271533 346808 369963 480091 0 558490 508413 545391 482152 0 338260 284923 263047 204407 161529 
163956 197919 0 303591 406897 418316 550020 0 569473 473702 546043 432923 0 283769 251328 200966 168612 
165081 194029 249804 0 358958 475837 464898 539571 0 539571 464898 475837 358958 0 249804 194029 165081 
168612 200966 251328 283769 0 432923 546043 473702 569473 0 550020 418316 406897 303591 0 197919 163956 
161529 204407 263047 284923 338260 0 482152 545391 508413 558490 0 480091 369963 346808 271533 0 165121 
166816 197468 277022 305405 333574 387824 0 495312 584725 476131 540994 0 415997 319454 295477 208013 0 
166464 214965 262561 324998 382444 400922 458737 0 522066 576617 481914 507008 0 366590 287576 241081 182386 
189299 215178 308471 327644 411435 478197 507447 499243 0 529439 628685 463553 458837 0 327774 232714 211847 
190832 232401 287087 359176 403204 498848 531353 539839 534024 0 563674 579557 420973 393134 0 243981 190291 
211093 248756 344413 366321 481357 516793 599458 582436 633649 584144 0 555128 522266 389369 349538 0 201221 
195224 255703 324390 403107 439145 592114 600605 668329 660764 629551 591011 0 471399 398419 323186 234164 0 
0 289218 386988 432821 564332 591011 0 695823 771408 704503 749744 536204 512998 421143 381764 268397 240637 
217078 0 338211 404970 455131 613748 651771 0 631544 639930 598419 533276 445352 382700 324100 261185 199313 
214259 254212 0 368201 482829 449440 705927 610446 0 558883 570605 469480 466239 354807 302014 232028 199559 
186150 233359 303239 0 390644 468683 505388 640007 587496 0 504644 438135 412401 362738 280962 217371 179783 
191387 212819 305786 322337 0 384937 533955 485772 599239 525320 0 386314 363968 318759 279982 199755 166816 
165121 219366 268358 333833 346789 0 428225 499988 473988 541814 466792 0 332517 289766 254778 199409 159384 
0 192938 273038 295274 375673 355021 0 432752 499520 450114 501020 378115 0 278209 236403 180209 157854 
152516 0 250905 314717 343730 402054 420571 0 449919 488939 436954 411791 349002 0 236679 181359 150278 
149637 180120 0 292433 373104 368902 472976 423904 0 423904 472976 368902 373104 292433 0 180120 149637 
150278 181359 236679 0 349002 411791 436954 488939 449919 0 420571 402054 343730 314717 250905 0 152516 
157854 180209 236403 278209 0 378115 501020 450114 499520 432752 0 355021 375673 295274 273038 192938 0 
159384 199409 254778 289766 332517 0 466792 541814 473988 499988 428225 0 346789 333833 268358 219366 165121 
166816 199755 279982 318759 363968 386314 0 525320 599239 485772 533955 384937 0 322337 305786 212819 191387 
179783 217371 280962 362738 412401 438135 504644 0 587496 640007 505388 468683 390644 0 303239 233359 186150 
199559 232028 302014 354807 466239 469480 570605 558883 0 610446 705927 449440 482829 368201 0 254212 214259 
199313 261185 324100 382700 445352 533276 598419 639930 631544 0 651771 613748 455131 404970 338211 0 217078 
240637 268397 381764 421143 512998 536204 749744 704503 771408 695823 0 591011 564332 432821 386988 289218 0 
0 318998 398895 477689 565383 629551 695823 0 762781 748500 617499 586868 522257 459723 373846 305579 234803 
251413 0 377083 418888 520501 542879 703689 712299 0 663229 614131 503549 484662 399211 358004 261798 232277 
211831 257024 0 373481 441555 543661 502446 695159 643839 0 517109 491808 410955 361984 304694 235436 193701 
199595 232707 311045 0 449170 435749 533940 529197 653489 564812 0 429416 402188 318779 286646 211739 185738 
178490 221871 282293 345031 0 428977 434340 560193 511886 557188 462523 0 360478 297178 251656 196329 161529 
163956 204750 290912 306130 383798 0 442186 459755 552645 462021 467158 378218 0 281730 238348 178054 157854 
152516 191712 248796 312557 328245 379963 0 453119 431569 472781 388486 373427 327625 0 223143 165347 140128 
0 177966 245099 273507 359059 333700 393490 0 456905 387856 416460 347451 331539 268334 0 162435 131543 
134398 0 232747 278486 327294 381894 357711 432086 0 432086 357711 381894 327294 278486 232747 0 134398 
131543 162435 0 268334 331539 347451 416460 387856 456905 0 393490 333700 359059 273507 245099 177966 0 
140128 165347 223143 0 327625 373427 388486 472781 431569 453119 0 379963 328245 312557 248796 191712 152516 
157854 178054 238348 281730 0 378218 467158 462021 552645 459755 442186 0 383798 306130 290912 204750 163956 
161529 196329 251656 297178 360478 0 462523 557188 511886 560193 434340 428977 0 345031 282293 221871 178490 
185738 211739 286646 318779 402188 429416 0 564812 653489 529197 533940 435749 449170 0 311045 232707 199595 
193701 235436 304694 361984 410955 491808 517109 0 643839 695159 502446 543661 441555 373481 0 257024 211831 
232277 261798 358004 399211 484662 503549 614131 663229 0 712299 703689 542879 520501 418888 377083 0 251413 
234803 305579 373846 459723 522257 586868 617499 748500 762781 0 695823 629551 565383 477689 398895 318998 0 
0 333810 448897 498492 620803 660764 771408 762781 0 635618 653874 601868 582356 463637 423391 303082 265447 
242574 0 365127 447518 499767 555690 592849 736187 760859 0 556694 524689 465035 410010 333895 269460 219620 
226565 255926 0 372052 455867 484530 576382 514155 768354 581294 0 439597 418742 343865 307219 226795 196981 
195060 251182 300575 0 409715 508139 503825 543335 569348 602046 515172 0 370375 317209 277496 216068 173483 
182547 210469 299044 312484 0 399453 493222 458740 585305 464427 518826 425342 0 287320 241222 191669 168612 
165081 206778 261411 334932 348100 0 412410 450639 481492 473750 434201 418256 359752 0 226857 172419 150278 
149637 187182 257428 286104 371487 334749 0 360944 474364 395336 420217 369717 350794 273721 0 158929 131543 
134398 177447 232488 284088 307292 372161 346039 0 373392 388636 364956 366178 318206 276861 219144 0 127946 
0 160529 229013 264415 336418 325978 386916 330307 0 330307 386916 325978 336418 264415 229013 160529 0 
127946 0 219144 276861 318206 366178 364956 388636 373392 0 346039 372161 307292 284088 232488 177447 134398 
131543 158929 0 273721 350794 369717 420217 395336 474364 360944 0 334749 371487 286104 257428 187182 149637 
150278 172419 226857 0 359752 418256 434201 473750 481492 450639 412410 0 348100 334932 261411 206778 165081 
168612 191669 241222 287320 0 425342 518826 464427 585305 458740 493222 399453 0 312484 299044 210469 182547 
173483 216068 277496 317209 370375 0 515172 602046 569348 543335 503825 508139 409715 0 300575 251182 195060 
196981 226795 307219 343865 418742 439597 0 581294 768354 514155 576382 484530 455867 372052 0 255926 226565 
219620 269460 333895 410010 465035 524689 556694 0 760859 736187 592849 555690 499767 447518 365127 0 242574 
265447 303082 423391 463637 582356 601868 653874 635618 0 762781 771408 660764 620803 498492 448897 333810 0 
0 339284 412670 485318 572358 668329 704503 748500 635618 0 618078 582028 537066 460241 389708 301920 242574 
265447 0 386485 434199 505076 555601 627776 629971 737111 623934 0 521274 501404 403708 358634 266428 226565 
219620 256782 0 377432 455476 451233 542806 619947 520454 684225 542877 0 410025 365522 304148 239076 195060 
196981 239016 305096 0 413038 458806 549225 497642 523629 532562 594945 439769 0 310410 283200 217344 182547 
173483 213430 288474 321295 0 448213 446744 481523 441055 517641 483250 467484 365843 0 245760 190686 165081 
168612 203975 262232 308868 384713 0 455495 415762 434739 426871 487083 411009 397566 287962 0 172991 149637 
150278 188660 250201 307463 329114 378252 0 395852 368917 434290 382473 399276 356543 291638 222059 0 134398 
131543 174185 249892 259791 339527 330009 368154 0 351591 344156 403186 329289 345165 275787 229076 153993 0 
127946 163975 235572 283074 301795 346539 340396 345319 0 345319 340396 346539 301795 283074 235572 163975 127946 
0 153993 229076 275787 345165 329289 403186 344156 351591 0 368154 330009 339527 259791 249892 174185 131543 
134398 0 222059 291638 356543 399276 382473 434290 368917 395852 0 378252 329114 307463 250201 188660 150278 
149637 172991 0 287962 397566 411009 487083 426871 434739 415762 455495 0 384713 308868 262232 203975 168612 
165081 190686 245760 0 365843 467484 483250 517641 441055 481523 446744 448213 0 321295 288474 213430 173483 
182547 217344 283200 310410 0 439769 594945 532562 523629 497642 549225 458806 413038 0 305096 239016 196981 
195060 239076 304148 365522 410025 0 542877 684225 520454 619947 542806 451233 455476 377432 0 256782 219620 
226565 266428 358634 403708 501404 521274 0 623934 737111 629971 627776 555601 505076 434199 386485 0 265447 
242574 301920 389708 460241 537066 582028 618078 0 635618 748500 704503 668329 572358 485318 412670 339284 0 
0 321299 443030 470364 587968 600605 749744 617499 653874 618078 0 568639 537442 441900 390647 294489 251413 
234803 0 352977 435295 484434 541806 581537 602022 565534 617281 601200 0 466497 410294 330018 261199 211831 
232277 256014 0 373048 479027 502489 531661 499851 654786 488776 619295 498363 0 351596 322242 229909 199595 
193701 246374 295036 0 408980 480703 507800 519922 469651 550516 477067 492377 398701 0 272512 219170 178490 
185738 214529 301982 313448 0 407253 522748 444854 476641 410512 543082 400839 397765 303320 0 190479 163956 
161529 209316 267544 325078 354431 0 410039 453325 427971 439288 420177 456694 350518 308773 242929 0 152516 
157854 186011 260186 291557 370962 343244 0 346537 423613 379854 429247 359708 376731 277281 235391 167964 0 
140128 187766 230856 302261 332113 392393 349556 0 341044 391498 387975 387372 310037 306773 225759 169485 134398 
131543 167741 252098 261720 359103 354626 415863 318382 0 318382 415863 354626 359103 261720 252098 167741 131543 
134398 169485 225759 306773 310037 387372 387975 391498 341044 0 349556 392393 332113 302261 230856 187766 140128 
0 167964 235391 277281 376731 359708 429247 379854 423613 346537 0 343244 370962 291557 260186 186011 157854 
152516 0 242929 308773 350518 456694 420177 439288 427971 453325 410039 0 354431 325078 267544 209316 161529 
163956 190479 0 303320 397765 400839 543082 410512 476641 444854 522748 407253 0 313448 301982 214529 185738 
178490 219170 272512 0 398701 492377 477067 550516 469651 519922 507800 480703 408980 0 295036 246374 193701 
199595 229909 322242 351596 0 498363 619295 488776 654786 499851 531661 502489 479027 373048 0 256014 232277 
211831 261199 330018 410294 466497 0 601200 617281 565534 602022 581537 541806 484434 435295 352977 0 234803 
251413 294489 390647 441900 537442 568639 0 618078 653874 617499 749744 600605 587968 470364 443030 321299 0 
0 299231 361002 444853 506080 592114 536204 586868 601868 582028 568639 0 472534 406106 346845 265661 217078 
240637 0 373169 395944 508401 525634 575162 519979 568887 543207 607627 530878 0 386863 346045 249250 214259 
199313 257091 0 371369 431516 480313 493543 529666 492517 546571 464241 537165 442427 0 294827 241665 186150 
199559 230858 320588 0 417476 447452 473516 491656 603259 449117 501298 438401 465184 346033 0 213979 191387 
179783 224273 290983 335167 0 411860 431796 496486 469703 503966 406953 457922 382836 346100 273380 0 165121 
166816 202994 267240 314646 369104 0 435396 401481 463120 414409 450897 366111 395191 299047 267767 189993 0 
159384 197112 254534 298602 351230 406466 0 419337 399800 430993 389323 430554 335360 319044 247101 188772 152516 
157854 188801 266184 299409 391024 367498 416898 0 413960 382518 423100 379715 394341 283739 268790 184047 149637 
150278 188018 244752 325786 352005 415028 372398 399913 0 399913 372398 415028 352005 325786 244752 188018 150278 
149637 184047 268790 283739 394341 379715 423100 382518 413960 0 416898 367498 391024 299409 266184 188801 157854 
152516 188772 247101 319044 335360 430554 389323 430993 399800 419337 0 406466 351230 298602 254534 197112 159384 
0 189993 267767 299047 395191 366111 450897 414409 463120 401481 435396 0 369104 314646 267240 202994 166816 
165121 0 273380 346100 382836 457922 406953 503966 469703 496486 431796 411860 0 335167 290983 224273 179783 
191387 213979 0 346033 465184 438401 501298 449117 603259 491656 473516 447452 417476 0 320588 230858 199559 
186150 241665 294827 0 442427 537165 464241 546571 492517 529666 493543 480313 431516 371369 0 257091 199313 
214259 249250 346045 386863 0 530878 607627 543207 568887 519979 575162 525634 508401 395944 373169 0 240637 
217078 265661 346845 406106 472534 0 568639 582028 601868 586868 536204 592114 506080 444853 361002 299231 0 
0 244036 352647 389776 491066 439145 512998 522257 582356 537066 537442 472534 0 369125 321470 241570 201221 
195224 0 321617 384128 446457 466533 484057 497912 512691 533365 506180 502869 453161 0 321396 250401 190291 
211093 243423 0 366954 432977 454979 509798 495735 497721 492636 543731 446488 490441 374157 0 236062 211847 
190832 234606 300626 0 405441 418665 480953 486795 476067 495961 447259 445642 404101 376005 291964 0 182386 
189299 224130 295932 334700 0 392842 447496 476502 544303 441832 459580 377422 431029 328844 303221 211306 0 
166464 210248 285994 327430 366989 0 419806 478746 484508 477497 403850 396661 355630 341541 282466 213378 165121 
166816 199631 273563 330967 382973 373452 0 422858 488713 462602 461655 360846 388665 306141 288057 206251 163956 
161529 201054 260311 321062 393534 410805 417681 0 426755 468834 453565 416825 361100 323359 258525 209942 165081 
168612 195707 265418 298519 411145 411403 460940 407597 0 407597 460940 411403 411145 298519 265418 195707 168612 
165081 209942 258525 323359 361100 416825 453565 468834 426755 0 417681 410805 393534 321062 260311 201054 161529 
163956 206251 288057 306141 388665 360846 461655 462602 488713 422858 0 373452 382973 330967 273563 199631 166816 
165121 213378 282466 341541 355630 396661 403850 477497 484508 478746 419806 0 366989 327430 285994 210248 166464 
0 211306 303221 328844 431029 377422 459580 441832 544303 476502 447496 392842 0 334700 295932 224130 189299 
182386 0 291964 376005 404101 445642 447259 495961 476067 486795 480953 418665 405441 0 300626 234606 190832 
211847 236062 0 374157 490441 446488 543731 492636 497721 495735 509798 454979 432977 366954 0 243423 211093 
190291 250401 321396 0 453161 502869 506180 533365 512691 497912 484057 466533 446457 384128 321617 0 195224 
201221 241570 321470 369125 0 472534 537442 537066 582356 522257 512998 439145 491066 389776 352647 244036 0 
0 204427 249462 333105 333720 403107 421143 459723 463637 460241 441900 406106 369125 0 264714 195332 166966 
185608 0 311092 328851 415476 394884 469728 469039 506574 471886 479159 426909 426162 352181 0 224628 183392 
175982 238499 0 363758 378455 452616 448684 471899 493662 473349 467833 462637 387083 382531 314667 0 187124 
192513 220771 317082 0 399104 413563 486254 447776 483571 467184 498957 403875 409631 336490 324826 230109 0 
175074 222440 285354 348349 0 417580 451741 482338 459983 493090 450376 428824 362712 352104 287012 237940 182386 
189299 214583 306942 338975 397579 0 479898 474262 570596 459405 497225 401367 398444 332404 316058 221339 191387 
179783 220505 280339 353680 385481 430239 0 541948 483879 518743 445495 442116 378206 355755 287485 228856 178490 
185738 220946 289632 325498 394648 425586 530195 0 551212 468188 508941 406283 409768 334474 296770 213784 182547 
173483 227586 291772 334553 369115 471419 469462 539124 0 539124 469462 471419 369115 334553 291772 227586 173483 
182547 213784 296770 334474 409768 406283 508941 468188 551212 0 530195 425586 394648 325498 289632 220946 185738 
178490 228856 287485 355755 378206 442116 445495 518743 483879 541948 0 430239 385481 353680 280339 220505 179783 
191387 221339 316058 332404 398444 401367 497225 459405 570596 474262 479898 0 397579 338975 306942 214583 189299 
182386 237940 287012 352104 362712 428824 450376 493090 459983 482338 451741 417580 0 348349 285354 222440 175074 
0 230109 324826 336490 409631 403875 498957 467184 483571 447776 486254 413563 399104 0 317082 220771 192513 
187124 0 314667 382531 387083 462637 467833 473349 493662 471899 448684 452616 378455 363758 0 238499 175982 
183392 224628 0 352181 426162 426909 479159 471886 506574 469039 469728 394884 415476 328851 311092 0 185608 
166966 195332 264714 0 369125 406106 441900 460241 463637 459723 421143 403107 333720 333105 249462 204427 0 
0 140782 224190 237964 306062 324390 381764 373846 423391 389708 390647 346845 321470 264714 0 168467 128967 
128535 0 224277 290628 325207 373524 393306 433687 420032 429627 415194 380509 349599 313699 263845 0 161273 
177619 194122 0 300626 394037 381523 451381 443654 479655 451580 449396 403413 408445 320724 314882 227377 0 
180016 226714 282697 0 375364 442419 424159 463995 476741 474263 450685 452369 379739 341356 295520 245618 187124 
192513 229228 318213 343722 0 449089 532628 469939 499349 493245 521040 428164 427212 335278 326518 230057 211847 
190832 231035 292672 352341 415115 0 509853 555705 486922 524116 473866 465958 390369 354056 303125 236259 186150 
199559 234397 319321 330976 457573 473502 0 554378 670784 478922 532356 446064 441341 340178 318854 241129 199595 
193701 242600 311886 346113 397116 510993 540528 0 556240 621213 472121 478657 415113 356188 307983 239171 195060 
196981 234789 319224 344145 410947 429692 608067 540317 0 540317 608067 429692 410947 344145 319224 234789 196981 
195060 239171 307983 356188 415113 478657 472121 621213 556240 0 540528 510993 397116 346113 311886 242600 193701 
199595 241129 318854 340178 441341 446064 532356 478922 670784 554378 0 473502 457573 330976 319321 234397 199559 
186150 236259 303125 354056 390369 465958 473866 524116 486922 555705 509853 0 415115 352341 292672 231035 190832 
211847 230057 326518 335278 427212 428164 521040 493245 499349 469939 532628 449089 0 343722 318213 229228 192513 
187124 245618 295520 341356 379739 452369 450685 474263 476741 463995 424159 442419 375364 0 282697 226714 180016 
0 227377 314882 320724 408445 403413 449396 451580 479655 443654 451381 381523 394037 300626 0 194122 177619 
161273 0 263845 313699 349599 380509 415194 429627 420032 433687 393306 373524 325207 290628 224277 0 128535 
128967 168467 0 264714 321470 346845 390647 389708 423391 373846 381764 324390 306062 237964 224190 140782 0 
0 98757 130900 186400 209329 255703 268397 305579 303082 301920 294489 265661 241570 195332 168467 0 96159 
108276 0 185475 206797 288549 295060 351973 337242 387559 361641 362716 330520 303576 254707 218769 161884 0 
121822 163567 0 275751 304848 361916 382473 404068 414509 427534 412359 372508 342655 306072 257678 193909 161273 
177619 186331 265394 0 400887 393762 467045 457037 475939 463973 474333 425068 421302 328703 298720 226064 183392 
175982 234108 275594 353930 0 495062 486589 511730 515069 489902 497954 499955 419547 375648 304044 240877 190291 
211093 234434 322800 359144 483351 0 602897 536374 558725 540828 572432 493378 490276 381305 327720 256926 214259 
199313 258568 311473 389298 447898 546771 0 646121 570445 605959 537247 528284 454643 391490 331751 265636 211831 
232277 255419 338312 386593 481123 506362 652460 0 787786 570700 617921 512640 460753 391618 353233 269851 226565 
219620 275414 332877 389920 464402 504461 565706 737587 0 737587 565706 504461 464402 389920 332877 275414 219620 
226565 269851 353233 391618 460753 512640 617921 570700 787786 0 652460 506362 481123 386593 338312 255419 232277 
211831 265636 331751 391490 454643 528284 537247 605959 570445 646121 0 546771 447898 389298 311473 258568 199313 
214259 256926 327720 381305 490276 493378 572432 540828 558725 536374 602897 0 483351 359144 322800 234434 211093 
190291 240877 304044 375648 419547 499955 497954 489902 515069 511730 486589 495062 0 353930 275594 234108 175982 
183392 226064 298720 328703 421302 425068 474333 463973 475939 457037 467045 393762 400887 0 265394 186331 177619 
161273 193909 257678 306072 342655 372508 412359 427534 414509 404068 382473 361916 304848 275751 0 163567 121822 
0 161884 218769 254707 303576 330520 362716 361641 387559 337242 351973 295060 288549 206797 185475 0 108276 
96159 0 168467 195332 241570 265661 294489 301920 303082 305579 268397 255703 209329 186400 130900 98757 0 
0 66864 108276 128535 185608 195224 240637 234803 265447 242574 251413 217078 201221 166966 128967 96159 0 
66864 0 119298 165128 205028 249449 267153 285306 297136 293953 284111 264519 244038 197453 170538 115612 96159 
108276 119298 0 207725 283674 315564 378423 367922 407849 378887 384009 343686 324545 265868 237976 170538 128967 
128535 165128 207725 0 316944 376733 412792 460685 466760 460980 437638 405098 371301 332102 265868 197453 166966 
185608 205028 283674 316944 0 447187 524453 509240 581642 534085 538947 473278 473518 371301 324545 244038 201221 
195224 249449 315564 376733 447187 0 570508 595374 591435 605980 566588 569410 473278 405098 343686 264519 217078 
240637 267153 378423 412792 524453 570508 0 645676 696615 630512 717516 566588 538947 437638 384009 284111 251413 
234803 285306 367922 460685 509240 595374 645676 0 706230 745988 630512 605980 534085 460980 378887 293953 242574 
265447 297136 407849 466760 581642 591435 696615 706230 0 706230 696615 591435 581642 466760 407849 297136 265447 
242574 293953 378887 460980 534085 605980 630512 745988 706230 0 645676 595374 509240 460685 367922 285306 234803 
251413 284111 384009 437638 538947 566588 717516 630512 696615 645676 0 570508 524453 412792 378423 267153 240637 
217078 264519 343686 405098 473278 569410 566588 605980 591435 595374 570508 0 447187 376733 315564 249449 195224 
201221 244038 324545 371301 473518 473278 538947 534085 581642 509240 524453 447187 0 316944 283674 205028 185608 
166966 197453 265868 332102 371301 405098 437638 460980 466760 460685 412792 376733 316944 0 207725 165128 128535 
128967 170538 237976 265868 324545 343686 384009 378887 407849 367922 378423 315564 283674 207725 0 119298 108276 
96159 115612 170538 197453 244038 264519 284111 293953 297136 285306 267153 249449 205028 165128 119298 0 66864 
0 96159 128967 166966 201221 217078 251413 242574 265447 234803 240637 195224 185608 128535 108276 66864 0 
