11 2680
96 0 0 0 0 0 0 0 0 0 0 
0 219 0 0 0 0 0 0 0 0 0 
0 0 209 0 0 0 0 0 0 0 0 
0 0 0 295 0 0 0 0 0 0 0 
0 0 0 0 346 0 0 0 0 0 0 
0 0 0 0 0 350 0 0 0 0 0 
0 0 0 0 0 0 346 0 0 0 0 
0 0 0 0 0 0 0 295 0 0 0 
0 0 0 0 0 0 0 0 209 0 0 
0 0 0 0 0 0 0 0 0 219 0 
0 0 0 0 0 0 0 0 0 0 96 
0 0 8 27 39 42 25 37 21 12 8 
0 0 0 21 37 40 40 28 27 25 2 
11 0 0 0 42 48 49 40 27 34 9 
9 31 0 0 0 45 48 48 32 20 18 
8 32 28 0 0 0 66 57 27 43 16 
15 22 39 37 0 0 0 37 39 22 15 
16 43 27 57 66 0 0 0 28 32 8 
18 20 32 48 48 45 0 0 0 31 9 
9 34 27 40 49 48 42 0 0 0 11 
2 25 27 28 40 40 37 21 0 0 0 
8 12 21 37 25 42 39 27 8 0 0 
0 8 0 26 40 33 35 26 25 14 2 
11 0 17 0 40 40 40 43 27 32 10 
0 24 0 48 0 42 40 37 28 19 12 
14 0 28 0 50 0 40 32 33 38 12 
11 28 0 46 0 60 0 37 23 25 9 
15 31 28 0 61 0 61 0 28 31 15 
9 25 23 37 0 60 0 46 0 28 11 
12 38 33 32 40 0 50 0 28 0 14 
12 19 28 37 40 42 0 48 0 24 0 
10 32 27 43 40 40 40 0 17 0 11 
2 14 25 26 35 33 40 26 0 8 0 
0 27 26 0 38 48 43 48 22 34 9 
9 0 32 40 0 42 42 29 26 19 12 
14 33 0 50 39 0 39 32 10 20 10 
0 23 29 0 60 46 0 27 17 24 12 
7 0 23 44 0 39 35 0 24 22 14 
9 17 0 25 50 0 50 25 0 17 9 
14 22 24 0 35 39 0 44 23 0 7 
12 24 17 27 0 46 60 0 29 23 0 
10 20 10 32 39 0 39 50 0 33 14 
12 19 26 29 42 42 0 40 32 0 9 
9 34 22 48 43 48 38 0 26 27 0 
0 39 40 38 0 57 64 44 24 22 18 
8 0 34 55 41 0 46 36 19 26 12 
11 30 0 20 55 38 0 24 22 27 12 
7 21 23 0 27 48 39 0 16 15 12 
0 25 14 24 0 32 37 22 0 14 10 
6 0 17 32 37 0 37 32 17 0 6 
10 14 0 22 37 32 0 24 14 25 0 
12 15 16 0 39 48 27 0 23 21 7 
12 27 22 24 0 38 55 20 0 30 11 
12 26 19 36 46 0 41 55 34 0 8 
18 22 24 44 64 57 0 38 40 39 0 
0 42 33 48 57 0 46 40 37 31 16 
15 0 12 31 37 45 0 33 18 26 9 
15 21 0 30 36 64 48 0 22 20 14 
9 24 20 0 30 29 34 29 0 17 10 
6 15 22 30 0 37 27 26 19 0 2 
0 23 26 28 31 0 31 28 26 23 0 
2 0 19 26 27 37 0 30 22 15 6 
10 17 0 29 34 29 30 0 20 24 9 
14 20 22 0 48 64 36 30 0 21 15 
9 26 18 33 0 45 37 31 12 0 15 
16 31 37 40 46 0 57 48 33 42 0 
0 25 35 43 64 46 0 43 32 43 15 
16 0 22 29 43 67 41 0 23 21 15 
9 24 0 21 52 17 52 38 0 17 9 
14 27 14 0 30 27 29 35 26 0 6 
10 22 25 21 0 18 26 25 13 18 0 
2 22 19 40 9 0 9 40 19 22 2 
0 18 13 25 26 18 0 21 25 22 10 
6 0 26 35 29 27 30 0 14 27 14 
9 17 0 38 52 17 52 21 0 24 9 
15 21 23 0 41 67 43 29 22 0 16 
15 43 32 43 0 46 64 43 35 25 0 
0 37 26 48 44 40 43 0 18 31 8 
18 0 27 35 31 22 47 35 0 25 11 
12 28 0 30 30 56 22 41 21 0 7 
12 21 26 0 42 28 31 30 28 20 0 
12 19 18 29 0 29 30 24 23 18 6 
10 20 22 23 26 0 26 23 22 20 10 
6 18 23 24 30 29 0 29 18 19 12 
0 20 28 30 31 28 42 0 26 21 12 
7 0 21 41 22 56 30 30 0 28 12 
11 25 0 35 47 22 31 35 27 0 18 
8 31 18 0 43 40 44 48 26 37 0 
0 21 25 22 24 37 32 18 0 21 9 
9 0 34 34 44 32 40 33 20 0 14 
12 21 0 44 26 35 37 27 28 20 0 
10 27 23 0 34 41 40 20 18 27 7 
12 22 23 33 0 30 32 28 21 29 9 
14 31 17 36 37 0 37 36 17 31 14 
9 29 21 28 32 30 0 33 23 22 12 
7 27 18 20 40 41 34 0 23 27 10 
0 20 28 27 37 35 26 44 0 21 12 
14 0 20 33 40 32 44 34 34 0 9 
9 21 0 18 32 37 24 22 25 21 0 
0 12 14 34 22 31 43 31 21 0 11 
2 0 16 26 40 29 23 32 31 21 0 
10 23 0 24 31 23 32 32 27 44 14 
12 21 18 0 38 39 43 22 15 32 11 
12 23 21 33 0 53 31 34 32 23 15 
9 20 14 27 43 0 43 27 14 20 9 
15 23 32 34 31 53 0 33 21 23 12 
11 32 15 22 43 39 38 0 18 21 12 
14 44 27 32 32 23 31 24 0 23 10 
0 21 31 32 23 29 40 26 16 0 2 
11 0 21 31 43 31 22 34 14 12 0 
0 8 2 9 18 16 15 8 9 11 0 
8 0 15 24 33 33 27 26 18 24 11 
2 15 0 28 35 27 27 24 24 18 9 
9 24 28 0 35 47 42 52 24 26 8 
18 33 35 35 0 52 62 42 27 27 15 
16 33 27 47 52 0 52 47 27 33 16 
15 27 27 42 62 52 0 35 35 33 18 
8 26 24 52 42 47 35 0 28 24 9 
9 18 24 24 27 27 35 28 0 15 2 
11 24 18 26 27 33 33 24 15 0 8 
0 11 9 8 15 16 18 9 2 8 0 
