15 2279184
69516 0 0 0 0 0 0 0 0 0 0 0 0 0 0 
0 98156 0 0 0 0 0 0 0 0 0 0 0 0 0 
0 0 122763 0 0 0 0 0 0 0 0 0 0 0 0 
0 0 0 157034 0 0 0 0 0 0 0 0 0 0 0 
0 0 0 0 175296 0 0 0 0 0 0 0 0 0 0 
0 0 0 0 0 201164 0 0 0 0 0 0 0 0 0 
0 0 0 0 0 0 206294 0 0 0 0 0 0 0 0 
0 0 0 0 0 0 0 218738 0 0 0 0 0 0 0 
0 0 0 0 0 0 0 0 206294 0 0 0 0 0 0 
0 0 0 0 0 0 0 0 0 201164 0 0 0 0 0 
0 0 0 0 0 0 0 0 0 0 175296 0 0 0 0 
0 0 0 0 0 0 0 0 0 0 0 157034 0 0 0 
0 0 0 0 0 0 0 0 0 0 0 0 122763 0 0 
0 0 0 0 0 0 0 0 0 0 0 0 0 98156 0 
0 0 0 0 0 0 0 0 0 0 0 0 0 0 69516 
0 0 3501 5528 7126 9788 9941 12180 10811 11473 8759 8464 4846 3837 1902 
0 0 0 6524 8916 11246 12621 12829 13481 12782 11256 9256 7510 4537 3258 
3110 0 0 0 11417 15311 16184 18296 15949 17265 14134 12264 9182 7708 4401 
4115 5897 0 0 0 16037 18182 20088 20047 17267 16918 14030 10717 8013 5603 
5305 8430 10057 0 0 0 20636 22824 21656 22048 17201 16666 12425 9966 6420 
6201 8285 11834 14902 0 0 0 23152 22839 21113 19660 15911 13075 9937 7005 
7039 10192 12762 17547 19823 0 0 0 23947 23793 19595 18737 13371 11469 7545 
7612 9885 13483 17205 20491 23041 0 0 0 23041 20491 17205 13483 9885 7612 
7545 11469 13371 18737 19595 23793 23947 0 0 0 19823 17547 12762 10192 7039 
7005 9937 13075 15911 19660 21113 22839 23152 0 0 0 14902 11834 8285 6201 
6420 9966 12425 16666 17201 22048 21656 22824 20636 0 0 0 10057 8430 5305 
5603 8013 10717 14030 16918 17267 20047 20088 18182 16037 0 0 0 5897 4115 
4401 7708 9182 12264 14134 17265 15949 18296 16184 15311 11417 0 0 0 3110 
3258 4537 7510 9256 11256 12782 13481 12829 12621 11246 8916 6524 0 0 0 
1902 3837 4846 8464 8759 11473 10811 12180 9941 9788 7126 5528 3501 0 0 
0 3501 0 8074 9036 12207 12859 13528 13834 13032 12526 9433 7189 4286 3258 
3110 0 6591 0 12330 15065 14711 16372 14775 16144 12754 13816 8692 7151 3710 
0 5767 0 11422 0 16233 17758 16603 17037 15907 14826 12347 11184 7197 5443 
5265 0 9822 0 15814 0 16951 20751 17569 17142 15322 14884 10713 9186 5702 
5667 8211 0 14524 0 19282 0 18644 18521 17013 15562 13769 11507 8401 6442 
5989 9227 11545 0 18576 0 21606 0 17918 19578 15454 14423 11294 9177 6124 
6095 8441 12191 14163 0 21707 0 23471 0 17854 16975 13935 11302 8679 6394 
6317 8932 10733 16244 16121 0 22755 0 22755 0 16121 16244 10733 8932 6317 
6394 8679 11302 13935 16975 17854 0 23471 0 21707 0 14163 12191 8441 6095 
6124 9177 11294 14423 15454 19578 17918 0 21606 0 18576 0 11545 9227 5989 
6442 8401 11507 13769 15562 17013 18521 18644 0 19282 0 14524 0 8211 5667 
5702 9186 10713 14884 15322 17142 17569 20751 16951 0 15814 0 9822 0 5265 
5443 7197 11184 12347 14826 15907 17037 16603 17758 16233 0 11422 0 5767 0 
3710 7151 8692 13816 12754 16144 14775 16372 14711 15065 12330 0 6591 0 3110 
3258 4286 7189 9433 12526 13032 13834 13528 12859 12207 9036 8074 0 3501 0 
0 5528 8074 0 12952 15438 15776 18064 16873 16623 13937 13429 8801 7138 4401 
4115 0 8686 12620 0 15765 17071 16452 16288 15740 14390 12412 10363 7569 5443 
5265 7676 0 15108 15973 0 15896 17390 15176 16013 13847 12954 9710 8255 5858 
0 7624 10452 0 16903 16577 0 15099 15218 15462 13060 11644 9535 7367 5167 
5887 0 10120 16190 0 20635 18051 0 15498 15647 14262 12984 9258 7874 5516 
5813 7835 0 13308 17666 0 21063 18931 0 15085 13739 12348 9554 7766 5426 
5698 8337 9359 0 15246 21721 0 23433 17786 0 13321 12433 9386 7607 5546 
5381 7580 9465 11604 0 16458 21598 0 21598 16458 0 11604 9465 7580 5381 
5546 7607 9386 12433 13321 0 17786 23433 0 21721 15246 0 9359 8337 5698 
5426 7766 9554 12348 13739 15085 0 18931 21063 0 17666 13308 0 7835 5813 
5516 7874 9258 12984 14262 15647 15498 0 18051 20635 0 16190 10120 0 5887 
5167 7367 9535 11644 13060 15462 15218 15099 0 16577 16903 0 10452 7624 0 
5858 8255 9710 12954 13847 16013 15176 17390 15896 0 15973 15108 0 7676 5265 
5443 7569 10363 12412 14390 15740 16288 16452 17071 15765 0 12620 8686 0 4115 
4401 7138 8801 13429 13937 16623 16873 18064 15776 15438 12952 0 8074 5528 0 
0 7126 9036 12952 0 17140 19019 20178 19431 18294 17040 11997 10042 7438 5603 
5305 0 10612 14691 16468 0 17785 19586 18064 17942 15676 14066 9633 8104 5702 
5667 7636 0 12265 17072 17122 0 16121 16949 16560 14333 11648 9567 7436 5167 
5887 8709 9638 0 13676 19035 16240 0 15372 15442 14213 11075 9277 8034 5324 
0 7548 10121 11339 0 15240 18323 16783 0 14674 12582 11400 9213 7244 5247 
5184 0 9214 13113 12982 0 15780 19971 16372 0 12518 10665 9293 7487 4972 
5248 7087 0 11304 15228 15461 0 16730 17372 16213 0 10519 8790 7194 5087 
5123 7113 8327 0 13508 18041 15587 0 15587 18041 13508 0 8327 7113 5123 
5087 7194 8790 10519 0 16213 17372 16730 0 15461 15228 11304 0 7087 5248 
4972 7487 9293 10665 12518 0 16372 19971 15780 0 12982 13113 9214 0 5184 
5247 7244 9213 11400 12582 14674 0 16783 18323 15240 0 11339 10121 7548 0 
5324 8034 9277 11075 14213 15442 15372 0 16240 19035 13676 0 9638 8709 5887 
5167 7436 9567 11648 14333 16560 16949 16121 0 17122 17072 12265 0 7636 5667 
5702 8104 9633 14066 15676 17942 18064 19586 17785 0 16468 14691 10612 0 5305 
5603 7438 10042 11997 17040 18294 19431 20178 19019 17140 0 12952 9036 7126 0 
0 9788 12207 15438 17140 0 20436 24333 21914 22368 14752 15274 10952 10142 6420 
6201 0 11550 13322 17617 19109 0 18396 18424 17529 14724 11681 10739 8180 6442 
5989 8709 0 13885 13152 21251 17460 0 15948 16526 13595 12749 8650 7481 5516 
5813 7519 10320 0 13940 15406 18895 17469 0 14110 12186 11793 9220 6616 5247 
5184 7651 8916 12502 0 16370 14425 17396 15805 0 10450 9513 8254 6773 4312 
0 6750 8894 10540 12921 0 16378 14987 16670 14094 0 9315 7700 6420 4889 
4501 0 7849 11139 11171 15491 0 16788 13838 15280 11237 0 7512 5870 4470 
4532 6257 0 9883 12411 13630 16101 0 16101 13630 12411 9883 0 6257 4532 
4470 5870 7512 0 11237 15280 13838 16788 0 15491 11171 11139 7849 0 4501 
4889 6420 7700 9315 0 14094 16670 14987 16378 0 12921 10540 8894 6750 0 
4312 6773 8254 9513 10450 0 15805 17396 14425 16370 0 12502 8916 7651 5184 
5247 6616 9220 11793 12186 14110 0 17469 18895 15406 13940 0 10320 7519 5813 
5516 7481 8650 12749 13595 16526 15948 0 17460 21251 13152 13885 0 8709 5989 
6442 8180 10739 11681 14724 17529 18424 18396 0 19109 17617 13322 11550 0 6201 
6420 10142 10952 15274 14752 22368 21914 24333 20436 0 17140 15438 12207 9788 0 
0 9941 12859 15776 19019 20436 0 24462 23089 19443 17553 14649 12707 9355 7005 
7039 0 10928 14880 15182 22425 21811 0 19978 18777 15014 14111 10506 9045 6124 
6095 8399 0 11885 15553 14110 22129 19782 0 15128 13833 12059 9256 7552 5426 
5698 8059 8997 0 11870 15357 16465 20928 17336 0 12341 11374 9216 7260 4972 
5248 7283 9461 9919 0 12176 16237 15450 17335 13459 0 10300 7746 6730 4889 
4501 7109 8285 11547 9946 0 12678 16034 13152 13903 10581 0 7220 5740 4450 
0 6026 8127 10495 11688 10904 0 12713 14314 12353 11650 9597 0 5657 4030 
4039 0 7455 10442 11066 12693 11770 0 11770 12693 11066 10442 7455 0 4039 
4030 5657 0 9597 11650 12353 14314 12713 0 10904 11688 10495 8127 6026 0 
4450 5740 7220 0 10581 13903 13152 16034 12678 0 9946 11547 8285 7109 4501 
4889 6730 7746 10300 0 13459 17335 15450 16237 12176 0 9919 9461 7283 5248 
4972 7260 9216 11374 12341 0 17336 20928 16465 15357 11870 0 8997 8059 5698 
5426 7552 9256 12059 13833 15128 0 19782 22129 14110 15553 11885 0 8399 6095 
6124 9045 10506 14111 15014 18777 19978 0 21811 22425 15182 14880 10928 0 7039 
7005 9355 12707 14649 17553 19443 23089 24462 0 20436 19019 15776 12859 9941 0 
0 12180 13528 18064 20178 24333 24462 0 19131 19897 18353 17312 12895 10860 7545 
7612 0 11762 13827 15876 17513 22321 24029 0 16518 15005 13050 11150 8377 6394 
6317 8676 0 12521 13701 17405 14434 24555 17755 0 12472 12054 8827 7941 5546 
5381 7413 9589 0 13672 14659 16175 15880 17334 14677 0 9775 8015 6515 5087 
5123 7143 8488 11424 0 14028 13038 18744 13092 15235 11657 0 7225 5731 4470 
4532 6543 8890 10167 11959 0 12326 13486 14500 11983 11938 9898 0 5376 4030 
4039 5702 7690 10576 9160 11762 0 12675 10543 12609 10197 9328 7209 0 3440 
0 5699 7495 9038 11128 10545 11183 0 11183 10545 11128 9038 7495 5699 0 
3440 0 7209 9328 10197 12609 10543 12675 0 11762 9160 10576 7690 5702 4039 
4030 5376 0 9898 11938 11983 14500 13486 12326 0 11959 10167 8890 6543 4532 
4470 5731 7225 0 11657 15235 13092 18744 13038 14028 0 11424 8488 7143 5123 
5087 6515 8015 9775 0 14677 17334 15880 16175 14659 13672 0 9589 7413 5381 
5546 7941 8827 12054 12472 0 17755 24555 14434 17405 13701 12521 0 8676 6317 
6394 8377 11150 13050 15005 16518 0 24029 22321 17513 15876 13827 11762 0 7612 
7545 10860 12895 17312 18353 19897 19131 0 24462 24333 20178 18064 13528 12180 0 
0 10811 13834 16873 19431 21914 23089 19131 0 18174 17018 15536 13017 9854 7612 
7545 0 11680 15722 16057 18535 18616 24020 18855 0 14954 13856 10579 9084 6317 
6394 8566 0 12786 14006 16788 17776 14443 21322 15670 0 11342 9188 7545 5381 
5546 8598 9232 0 13256 17749 15797 14260 15347 17697 12535 0 8027 6706 5123 
5087 6994 9168 10405 0 13035 14815 14173 14664 14120 13264 10097 0 5879 4532 
4470 6926 8006 11160 10689 0 11335 12653 12805 13666 11487 10856 7054 0 4039 
4030 6168 7949 9524 11747 10066 0 10689 12443 11561 10908 9738 7483 5248 0 
3440 5777 7546 9139 9944 12189 9430 0 9430 12189 9944 9139 7546 5777 3440 
0 5248 7483 9738 10908 11561 12443 10689 0 10066 11747 9524 7949 6168 4030 
4039 0 7054 10856 11487 13666 12805 12653 11335 0 10689 11160 8006 6926 4470 
4532 5879 0 10097 13264 14120 14664 14173 14815 13035 0 10405 9168 6994 5087 
5123 6706 8027 0 12535 17697 15347 14260 15797 17749 13256 0 9232 8598 5546 
5381 7545 9188 11342 0 15670 21322 14443 17776 16788 14006 12786 0 8566 6394 
6317 9084 10579 13856 14954 0 18855 24020 18616 18535 16057 15722 11680 0 7545 
7612 9854 13017 15536 17018 18174 0 19131 23089 21914 19431 16873 13834 10811 0 
0 11473 13032 16623 18294 22368 19443 19897 18174 0 16942 15292 12427 10160 7039 
7005 0 11410 13671 14440 17568 16729 17594 18959 18005 0 13295 10584 8559 6095 
6124 8444 0 12510 14126 13714 15800 19652 14776 19109 14036 0 9091 7831 5698 
5426 7540 9188 0 13098 14691 15307 14798 15879 15548 14096 11137 0 6578 5248 
4972 6767 8703 10729 0 14998 12415 13729 12544 16225 12783 11161 8024 0 4501 
4889 6707 7835 10613 12192 0 12302 12411 12192 12647 12849 10989 8044 5888 0 
4450 6244 7955 10722 10382 12312 0 11288 10623 12425 10745 10417 7871 5673 4039 
4030 6292 8599 9875 11313 11554 11151 0 11151 11554 11313 9875 8599 6292 4030 
4039 5673 7871 10417 10745 12425 10623 11288 0 12312 10382 10722 7955 6244 4450 
0 5888 8044 10989 12849 12647 12192 12411 12302 0 12192 10613 7835 6707 4889 
4501 0 8024 11161 12783 16225 12544 13729 12415 14998 0 10729 8703 6767 4972 
5248 6578 0 11137 14096 15548 15879 14798 15307 14691 13098 0 9188 7540 5426 
5698 7831 9091 0 14036 19109 14776 19652 15800 13714 14126 12510 0 8444 6124 
6095 8559 10584 13295 0 18005 18959 17594 16729 17568 14440 13671 11410 0 7005 
7039 10160 12427 15292 16942 0 18174 19897 19443 22368 18294 16623 13032 11473 0 
0 8759 12526 13937 17040 14752 17553 18353 17018 16942 0 13351 10362 8502 6201 
6420 0 10953 14923 15548 17550 14657 17435 16440 18492 15586 0 10532 9109 5989 
6442 8405 0 12226 14433 14816 15996 13749 16289 13328 15745 12591 0 7710 5813 
5516 8592 9643 0 12603 15047 14326 18904 12632 14837 12279 13372 8987 0 5184 
5247 6946 10001 10860 0 12339 15443 13901 15044 10882 12856 10440 9106 6649 0 
4312 6872 8158 11774 11112 0 11880 15263 13130 13875 9892 11820 8063 6899 4501 
4889 6130 8504 10331 13034 11532 0 11764 14875 12389 13709 9350 8632 6562 4532 
4470 7021 7296 12059 11459 14383 11011 0 11011 14383 11459 12059 7296 7021 4470 
4532 6562 8632 9350 13709 12389 14875 11764 0 11532 13034 10331 8504 6130 4889 
4501 6899 8063 11820 9892 13875 13130 15263 11880 0 11112 11774 8158 6872 4312 
0 6649 9106 10440 12856 10882 15044 13901 15443 12339 0 10860 10001 6946 5247 
5184 0 8987 13372 12279 14837 12632 18904 14326 15047 12603 0 9643 8592 5516 
5813 7710 0 12591 15745 13328 16289 13749 15996 14816 14433 12226 0 8405 6442 
5989 9109 10532 0 15586 18492 16440 17435 14657 17550 15548 14923 10953 0 6420 
6201 8502 10362 13351 0 16942 17018 18353 17553 14752 17040 13937 12526 8759 0 
0 8464 9433 13429 11997 15274 14649 17312 15536 15292 13351 0 9464 7528 5305 
5603 0 10663 11927 13973 13642 15518 15033 15461 14363 14543 12568 0 7953 5667 
5702 8632 0 13280 12526 15934 14170 15495 14906 16225 12139 13981 10244 0 5887 
5167 7122 9556 0 11822 13109 14618 13893 15086 13114 12708 10751 9755 7407 0 
5324 7396 9099 12006 0 13672 13731 17338 13375 14371 11148 12600 8913 7765 5184 
5247 6867 9129 11059 12038 0 15841 14363 15531 12376 12736 10766 10019 7314 5248 
4972 7555 8726 11808 12060 15261 0 15935 13137 15306 11320 12577 8672 7421 5123 
5087 6732 9090 10282 12935 13225 14735 0 14735 13225 12935 10282 9090 6732 5087 
5123 7421 8672 12577 11320 15306 13137 15935 0 15261 12060 11808 8726 7555 4972 
5248 7314 10019 10766 12736 12376 15531 14363 15841 0 12038 11059 9129 6867 5247 
5184 7765 8913 12600 11148 14371 13375 17338 13731 13672 0 12006 9099 7396 5324 
0 7407 9755 10751 12708 13114 15086 13893 14618 13109 11822 0 9556 7122 5167 
5887 0 10244 13981 12139 16225 14906 15495 14170 15934 12526 13280 0 8632 5702 
5667 7953 0 12568 14543 14363 15461 15033 15518 13642 13973 11927 10663 0 5603 
5305 7528 9464 0 13351 15292 15536 17312 14649 15274 11997 13429 9433 8464 0 
0 4846 7189 8801 10042 10952 12707 12895 13017 12427 10362 9464 0 5946 4115 
4401 0 8255 11083 11968 12987 13723 14786 14309 13860 12924 12050 9610 0 5265 
5443 7172 0 10994 12561 14002 13409 15632 14065 14193 13131 11931 10763 8428 0 
5858 8012 9667 0 13172 14890 15002 14139 14462 15597 12276 11450 9881 8828 5887 
5167 7867 9664 11636 0 14970 15577 16067 15070 13633 13019 10893 10009 8158 5813 
5516 7579 9716 12016 13288 0 15935 19158 15479 15266 12153 11790 9496 7821 5698 
5426 7913 9319 12253 13633 15859 0 16692 17249 15180 13021 11834 9438 8009 5381 
5546 7577 9756 10839 13746 17348 16290 0 16290 17348 13746 10839 9756 7577 5546 
5381 8009 9438 11834 13021 15180 17249 16692 0 15859 13633 12253 9319 7913 5426 
5698 7821 9496 11790 12153 15266 15479 19158 15935 0 13288 12016 9716 7579 5516 
5813 8158 10009 10893 13019 13633 15070 16067 15577 14970 0 11636 9664 7867 5167 
5887 8828 9881 11450 12276 15597 14462 14139 15002 14890 13172 0 9667 8012 5858 
0 8428 10763 11931 13131 14193 14065 15632 13409 14002 12561 10994 0 7172 5443 
5265 0 9610 12050 12924 13860 14309 14786 13723 12987 11968 11083 8255 0 4401 
4115 5946 0 9464 10362 12427 13017 12895 12707 10952 10042 8801 7189 4846 0 
0 3837 4286 7138 7438 10142 9355 10860 9854 10160 8502 7528 5946 0 3110 
3258 0 5874 7309 9725 10418 11671 11525 11647 10896 10126 9080 7039 5648 0 
3710 6275 0 10809 10793 13392 13417 14431 13654 13324 12172 11494 9239 7246 5265 
5443 6536 9316 0 13760 13542 14133 15571 15037 14545 13826 11885 9800 7853 5667 
5702 8724 8982 13790 0 18571 15498 16472 16046 17423 14070 13675 10050 8642 5989 
6442 8115 10171 11770 16079 0 20130 15763 16655 16062 15855 12527 10035 8215 6095 
6124 9301 10467 12969 14019 20048 0 24747 16327 17150 14974 13594 10629 9154 6317 
6394 8610 10929 13466 13957 15491 22870 0 22870 15491 13957 13466 10929 8610 6394 
6317 9154 10629 13594 14974 17150 16327 24747 0 20048 14019 12969 10467 9301 6124 
6095 8215 10035 12527 15855 16062 16655 15763 20130 0 16079 11770 10171 8115 6442 
5989 8642 10050 13675 14070 17423 16046 16472 15498 18571 0 13790 8982 8724 5702 
5667 7853 9800 11885 13826 14545 15037 15571 14133 13542 13760 0 9316 6536 5443 
5265 7246 9239 11494 12172 13324 13654 14431 13417 13392 10793 10809 0 6275 3710 
0 5648 7039 9080 10126 10896 11647 11525 11671 10418 9725 7309 5874 0 3258 
3110 0 5946 7528 8502 10160 9854 10860 9355 10142 7438 7138 4286 3837 0 
0 1902 3258 4401 5603 6420 7005 7545 7612 7039 6201 5305 4115 3110 0 
1902 0 3799 6535 7196 9341 9060 10681 9613 10116 8344 7793 5826 4840 3110 
3258 3799 0 7343 9983 11086 11865 12589 12468 11916 11033 9620 7862 5826 4115 
4401 6535 7343 0 11710 15065 14203 16958 14975 15726 13536 13864 9620 7793 5305 
5603 7196 9983 11710 0 15848 18105 17217 17644 16434 16442 13536 11033 8344 6201 
6420 9341 11086 15065 15848 0 19040 22566 19051 21516 16434 15726 11916 10116 7039 
7005 9060 11865 14203 18105 19040 0 21813 23840 19051 17644 14975 12468 9613 7612 
7545 10681 12589 16958 17217 22566 21813 0 21813 22566 17217 16958 12589 10681 7545 
7612 9613 12468 14975 17644 19051 23840 21813 0 19040 18105 14203 11865 9060 7005 
7039 10116 11916 15726 16434 21516 19051 22566 19040 0 15848 15065 11086 9341 6420 
6201 8344 11033 13536 16442 16434 17644 17217 18105 15848 0 11710 9983 7196 5603 
5305 7793 9620 13864 13536 15726 14975 16958 14203 15065 11710 0 7343 6535 4401 
4115 5826 7862 9620 11033 11916 12468 12589 11865 11086 9983 7343 0 3799 3258 
3110 4840 5826 7793 8344 10116 9613 10681 9060 9341 7196 6535 3799 0 1902 
0 3110 4115 5305 6201 7039 7612 7545 7005 6420 5603 4401 3258 1902 0 
