16 14772512
436228 0 0 0 0 0 0 0 0 0 0 0 0 0 0 0 
0 569531 0 0 0 0 0 0 0 0 0 0 0 0 0 0 
0 0 736363 0 0 0 0 0 0 0 0 0 0 0 0 0 
0 0 0 892999 0 0 0 0 0 0 0 0 0 0 0 0 
0 0 0 0 1050762 0 0 0 0 0 0 0 0 0 0 0 
0 0 0 0 0 1160280 0 0 0 0 0 0 0 0 0 0 
0 0 0 0 0 0 1249262 0 0 0 0 0 0 0 0 0 
0 0 0 0 0 0 0 1290831 0 0 0 0 0 0 0 0 
0 0 0 0 0 0 0 0 1290831 0 0 0 0 0 0 0 
0 0 0 0 0 0 0 0 0 1249262 0 0 0 0 0 0 
0 0 0 0 0 0 0 0 0 0 1160280 0 0 0 0 0 
0 0 0 0 0 0 0 0 0 0 0 1050762 0 0 0 0 
0 0 0 0 0 0 0 0 0 0 0 0 892999 0 0 0 
0 0 0 0 0 0 0 0 0 0 0 0 0 736363 0 0 
0 0 0 0 0 0 0 0 0 0 0 0 0 0 569531 0 
0 0 0 0 0 0 0 0 0 0 0 0 0 0 0 436228 
0 0 17925 24663 38328 46538 54703 60278 60923 61314 55398 49877 37801 29638 18697 13448 
0 0 0 33743 46467 60101 67697 70883 75506 72527 69516 59063 50736 37214 27953 18018 
16364 0 0 0 59581 74694 87373 92372 90582 90333 83461 74631 60601 50053 35290 25653 
21369 30873 0 0 0 84433 98677 105761 109657 100071 98482 84626 72769 55958 42938 30736 
29442 40217 52928 0 0 0 109162 118808 120409 120123 102079 98269 81380 66123 48343 37144 
34961 46116 62883 78637 0 0 0 124213 128088 123151 118159 100737 86730 70458 54580 38993 
40087 53886 69660 87212 105825 0 0 0 133351 132875 121276 113538 90036 76172 56846 43943 
41942 55569 74572 91280 110247 121668 0 0 0 131256 124475 109573 97411 72779 58223 44128 
44128 58223 72779 97411 109573 124475 131256 0 0 0 121668 110247 91280 74572 55569 41942 
43943 56846 76172 90036 113538 121276 132875 133351 0 0 0 105825 87212 69660 53886 40087 
38993 54580 70458 86730 100737 118159 123151 128088 124213 0 0 0 78637 62883 46116 34961 
37144 48343 66123 81380 98269 102079 120123 120409 118808 109162 0 0 0 52928 40217 29442 
30736 42938 55958 72769 84626 98482 100071 109657 105761 98677 84433 0 0 0 30873 21369 
25653 35290 50053 60601 74631 83461 90333 90582 92372 87373 74694 59581 0 0 0 16364 
18018 27953 37214 50736 59063 69516 72527 75506 70883 67697 60101 46467 33743 0 0 0 
13448 18697 29638 37801 49877 55398 61314 60923 60278 54703 46538 38328 24663 17925 0 0 
0 17925 0 40318 50149 62527 70045 74098 78629 74006 72192 62119 52514 36714 27109 18018 
16364 0 33298 0 64416 71897 82345 83782 84104 86928 77004 75779 58256 49768 32735 24312 
0 29265 0 56934 0 84390 93322 91017 97761 90693 89212 76677 70375 54289 41406 28865 
28364 0 50639 0 83042 0 95093 104140 100744 98846 89532 87767 70225 62367 42914 33760 
32367 43643 0 75615 0 104201 0 104810 109193 99613 96482 86025 77584 61263 49191 34369 
33866 45827 63313 0 98193 0 116775 0 106082 109441 93641 89891 75857 64716 46707 37889 
35532 47168 66443 78015 0 116194 0 126705 0 106211 103747 88029 77774 63845 50420 36980 
37171 46895 64434 83571 91672 0 125944 0 129766 0 99261 97003 75961 65274 48326 38371 
38371 48326 65274 75961 97003 99261 0 129766 0 125944 0 91672 83571 64434 46895 37171 
36980 50420 63845 77774 88029 103747 106211 0 126705 0 116194 0 78015 66443 47168 35532 
37889 46707 64716 75857 89891 93641 109441 106082 0 116775 0 98193 0 63313 45827 33866 
34369 49191 61263 77584 86025 96482 99613 109193 104810 0 104201 0 75615 0 43643 32367 
33760 42914 62367 70225 87767 89532 98846 100744 104140 95093 0 83042 0 50639 0 28364 
28865 41406 54289 70375 76677 89212 90693 97761 91017 93322 84390 0 56934 0 29265 0 
24312 32735 49768 58256 75779 77004 86928 84104 83782 82345 71897 64416 0 33298 0 16364 
18018 27109 36714 52514 62119 72192 74006 78629 74098 70045 62527 50149 40318 0 17925 0 
0 24663 40318 0 68010 76309 80974 91985 90712 89919 81982 77334 63315 47853 33972 25653 
21369 0 45197 64400 0 84915 91820 87397 95612 90187 83817 77335 69863 54018 41555 28865 
28364 37887 0 71208 85414 0 90845 95860 86793 91668 84671 75629 66390 55680 43320 33704 
0 41709 55875 0 91835 92328 0 90801 90475 85002 85149 76036 67542 53668 43302 32408 
33643 0 57336 80089 0 108178 103057 0 91445 90230 83198 80333 67033 53848 43757 33669 
34564 43730 0 73245 100451 0 119264 108395 0 90466 87978 75516 69622 55605 43110 33087 
31503 44165 54572 0 86115 112514 0 125662 106316 0 84484 79446 64802 54240 42472 32993 
33578 41949 55901 67440 0 94757 123452 0 129378 102378 0 77308 68050 52252 43940 32828 
32828 43940 52252 68050 77308 0 102378 129378 0 123452 94757 0 67440 55901 41949 33578 
32993 42472 54240 64802 79446 84484 0 106316 125662 0 112514 86115 0 54572 44165 31503 
33087 43110 55605 69622 75516 87978 90466 0 108395 119264 0 100451 73245 0 43730 34564 
33669 43757 53848 67033 80333 83198 90230 91445 0 103057 108178 0 80089 57336 0 33643 
32408 43302 53668 67542 76036 85149 85002 90475 90801 0 92328 91835 0 55875 41709 0 
33704 43320 55680 66390 75629 84671 91668 86793 95860 90845 0 85414 71208 0 37887 28364 
28865 41555 54018 69863 77335 83817 90187 95612 87397 91820 84915 0 64400 45197 0 21369 
25653 33972 47853 63315 77334 81982 89919 90712 91985 80974 76309 68010 0 40318 24663 0 
0 38328 50149 68010 0 91431 104441 107893 105435 105353 100453 87752 64301 54158 42322 30736 
29442 0 55851 70274 89202 0 97268 106145 101510 96318 93325 88110 68197 53110 41915 33760 
32367 42246 0 70095 92579 91925 0 92730 98728 92404 87252 81781 66072 54121 39648 32408 
33643 43451 54630 0 78537 98063 92418 0 85558 92292 86758 73593 61184 55317 41062 29310 
0 41480 55739 61966 0 84024 103825 93808 0 85516 81255 76386 58793 51472 40802 31120 
30660 0 51195 68053 74885 0 90410 109652 95310 0 78335 72325 60068 51192 40132 30756 
31615 38909 0 62039 87257 83905 0 93686 107869 91500 0 71441 57997 50942 39655 30217 
30719 40017 48414 0 76914 97743 91624 0 92507 105893 85811 0 55950 50073 39564 29475 
29475 39564 50073 55950 0 85811 105893 92507 0 91624 97743 76914 0 48414 40017 30719 
30217 39655 50942 57997 71441 0 91500 107869 93686 0 83905 87257 62039 0 38909 31615 
30756 40132 51192 60068 72325 78335 0 95310 109652 90410 0 74885 68053 51195 0 30660 
31120 40802 51472 58793 76386 81255 85516 0 93808 103825 84024 0 61966 55739 41480 0 
29310 41062 55317 61184 73593 86758 92292 85558 0 92418 98063 78537 0 54630 43451 33643 
32408 39648 54121 66072 81781 87252 92404 98728 92730 0 91925 92579 70095 0 42246 32367 
33760 41915 53110 68197 88110 93325 96318 101510 106145 97268 0 89202 70274 55851 0 29442 
30736 42322 54158 64301 87752 100453 105353 105435 107893 104441 91431 0 68010 50149 38328 0 
0 46538 62527 76309 91431 0 109534 122239 118510 119459 105045 86284 73550 64114 47596 37144 
34961 0 61176 73859 94233 104140 0 103914 109381 100381 99518 78401 69215 56935 47223 34369 
33866 45800 0 72320 74560 110403 100242 0 91375 96624 88338 78452 62746 52329 41474 33669 
34564 42203 58373 0 80252 84657 109503 95400 0 86486 82529 74407 64286 50415 40838 31120 
30660 41618 50327 67179 0 89304 81929 99201 90785 0 70941 60384 57525 49423 35713 27984 
0 37561 51277 57688 73748 0 94132 83606 98875 85096 0 58351 51973 45991 37369 27755 
27369 0 47284 61580 63308 86080 0 97931 83513 92864 77836 0 50659 43697 35975 28446 
27187 34765 0 54110 72018 74970 93910 0 96101 79102 86519 64933 0 42495 34858 27134 
27134 34858 42495 0 64933 86519 79102 96101 0 93910 74970 72018 54110 0 34765 27187 
28446 35975 43697 50659 0 77836 92864 83513 97931 0 86080 63308 61580 47284 0 27369 
27755 37369 45991 51973 58351 0 85096 98875 83606 94132 0 73748 57688 51277 37561 0 
27984 35713 49423 57525 60384 70941 0 90785 99201 81929 89304 0 67179 50327 41618 30660 
31120 40838 50415 64286 74407 82529 86486 0 95400 109503 84657 80252 0 58373 42203 34564 
33669 41474 52329 62746 78452 88338 96624 91375 0 100242 110403 74560 72320 0 45800 33866 
34369 47223 56935 69215 78401 99518 100381 109381 103914 0 104140 94233 73859 61176 0 34961 
37144 47596 64114 73550 86284 105045 119459 118510 122239 109534 0 91431 76309 62527 46538 0 
0 54703 70045 80974 104441 109534 0 128791 134441 128286 106222 92427 80776 65939 53690 38993 
40087 0 62921 76103 83275 114794 120521 0 114648 115425 94602 85581 71554 60307 47000 37889 
35532 46014 0 65070 88645 77760 123087 106501 0 95020 86693 77089 68625 52603 41337 33087 
31503 42017 52355 0 68774 86954 88149 115335 100166 0 77192 73015 62977 51607 38484 30756 
31615 38289 54175 55317 0 66476 95409 86344 102054 87064 0 62255 55903 46815 37561 27755 
27369 39616 45913 61391 59411 0 74273 89540 79536 93431 68002 0 52696 43011 34119 28234 
0 33585 47195 52888 68390 61033 0 75024 86935 75168 74129 60459 0 41175 32023 24748 
24250 0 42302 56699 60333 71959 69851 0 71516 83578 64930 66667 52026 0 31093 24410 
24410 31093 0 52026 66667 64930 83578 71516 0 69851 71959 60333 56699 42302 0 24250 
24748 32023 41175 0 60459 74129 75168 86935 75024 0 61033 68390 52888 47195 33585 0 
28234 34119 43011 52696 0 68002 93431 79536 89540 74273 0 59411 61391 45913 39616 27369 
27755 37561 46815 55903 62255 0 87064 102054 86344 95409 66476 0 55317 54175 38289 31615 
30756 38484 51607 62977 73015 77192 0 100166 115335 88149 86954 68774 0 52355 42017 31503 
33087 41337 52603 68625 77089 86693 95020 0 106501 123087 77760 88645 65070 0 46014 35532 
37889 47000 60307 71554 85581 94602 115425 114648 0 120521 114794 83275 76103 62921 0 40087 
38993 53690 65939 80776 92427 106222 128286 134441 128791 0 109534 104441 80974 70045 54703 0 
0 60278 74098 91985 107893 122239 128791 0 133182 109158 107870 100189 84947 72353 53905 43943 
41942 0 65498 75684 92214 99895 125349 128589 0 105822 92792 83203 74541 61232 49382 36980 
37171 45879 0 67263 77831 96367 86013 130144 111293 0 84012 75543 61437 54657 43046 32993 
33578 42251 54311 0 78853 77062 93386 93893 116049 89484 0 69525 57154 48052 39396 30217 
30719 40446 48383 61979 0 76762 74776 101530 87465 89807 73583 0 54550 42484 33774 28446 
27187 36993 49426 54508 67508 0 74734 76871 94485 72110 75168 62466 0 40888 31010 24748 
24250 33522 43100 57140 54167 66317 0 76462 67015 73432 62896 59946 50230 0 28851 22286 
0 30798 42331 50285 63659 56731 66659 0 73853 59741 68586 57765 51296 39550 0 21768 
21768 0 39550 51296 57765 68586 59741 73853 0 66659 56731 63659 50285 42331 30798 0 
22286 28851 0 50230 59946 62896 73432 67015 76462 0 66317 54167 57140 43100 33522 24250 
24748 31010 40888 0 62466 75168 72110 94485 76871 74734 0 67508 54508 49426 36993 27187 
28446 33774 42484 54550 0 73583 89807 87465 101530 74776 76762 0 61979 48383 40446 30719 
30217 39396 48052 57154 69525 0 89484 116049 93893 93386 77062 78853 0 54311 42251 33578 
32993 43046 54657 61437 75543 84012 0 111293 130144 86013 96367 77831 67263 0 45879 37171 
36980 49382 61232 74541 83203 92792 105822 0 128589 125349 99895 92214 75684 65498 0 41942 
43943 53905 72353 84947 100189 107870 109158 133182 0 128791 122239 107893 91985 74098 60278 0 
0 60923 78629 90712 105435 118510 134441 133182 0 109089 105317 98997 84665 70243 56560 44128 
44128 0 64750 83195 90365 95647 102641 136604 120055 0 92425 86093 71219 60472 47158 38371 
38371 46411 0 68723 81520 89451 100765 88463 123665 101335 0 73224 64641 52505 41747 32828 
32828 45982 52565 0 72705 93574 88735 91032 85943 104976 83479 0 56223 47145 38549 29475 
29475 38508 52910 56915 0 72877 86424 80908 86361 81491 84861 70603 0 43062 33175 27134 
27134 36991 46921 61588 61305 0 69429 78684 76320 78776 71596 70537 53623 0 30788 24410 
24410 33060 44409 50097 65334 58631 0 60592 71919 67119 67879 61652 53063 39681 0 21768 
21768 31304 41670 49967 53754 67396 55682 0 57103 68359 58637 59238 48368 41401 28375 0 
0 28375 41401 48368 59238 58637 68359 57103 0 55682 67396 53754 49967 41670 31304 21768 
21768 0 39681 53063 61652 67879 67119 71919 60592 0 58631 65334 50097 44409 33060 24410 
24410 30788 0 53623 70537 71596 78776 76320 78684 69429 0 61305 61588 46921 36991 27134 
27134 33175 43062 0 70603 84861 81491 86361 80908 86424 72877 0 56915 52910 38508 29475 
29475 38549 47145 56223 0 83479 104976 85943 91032 88735 93574 72705 0 52565 45982 32828 
32828 41747 52505 64641 73224 0 101335 123665 88463 100765 89451 81520 68723 0 46411 38371 
38371 47158 60472 71219 86093 92425 0 120055 136604 102641 95647 90365 83195 64750 0 44128 
44128 56560 70243 84665 98997 105317 109089 0 133182 134441 118510 105435 90712 78629 60923 0 
0 61314 74006 89919 105353 119459 128286 109158 109089 0 104467 96822 84613 70841 53993 41942 
43943 0 66398 77822 88273 100982 107490 107642 112125 108650 0 87072 76270 62299 48570 37171 
36980 46316 0 67864 79624 81879 95287 103928 93402 108609 87782 0 62329 56104 43381 33578 
32993 43196 52582 0 73640 79268 94756 81402 93200 93230 87988 70783 0 46593 38934 30719 
30217 38167 49592 57442 0 82127 74727 81755 74134 91531 80422 71548 55034 0 33149 27187 
28446 37576 45591 54418 68177 0 77684 66738 75465 71792 80073 68585 55770 41977 0 24250 
24748 34003 42853 56252 56859 67865 0 63836 58928 76579 62203 65518 53504 40546 29058 0 
22286 32601 44416 48403 62292 57829 62730 0 60029 57911 67936 56216 53359 42565 29273 21768 
21768 29273 42565 53359 56216 67936 57911 60029 0 62730 57829 62292 48403 44416 32601 22286 
0 29058 40546 53504 65518 62203 76579 58928 63836 0 67865 56859 56252 42853 34003 24748 
24250 0 41977 55770 68585 80073 71792 75465 66738 77684 0 68177 54418 45591 37576 28446 
27187 33149 0 55034 71548 80422 91531 74134 81755 74727 82127 0 57442 49592 38167 30217 
30719 38934 46593 0 70783 87988 93230 93200 81402 94756 79268 73640 0 52582 43196 32993 
33578 43381 56104 62329 0 87782 108609 93402 103928 95287 81879 79624 67864 0 46316 36980 
37171 48570 62299 76270 87072 0 108650 112125 107642 107490 100982 88273 77822 66398 0 43943 
41942 53993 70841 84613 96822 104467 0 109089 109158 128286 119459 105353 89919 74006 61314 0 
0 55398 72192 81982 100453 105045 106222 107870 105317 104467 0 89116 77570 64406 50155 40087 
38993 0 61510 76232 85878 100594 91846 96438 96981 105744 99024 0 72784 60814 45336 35532 
37889 46088 0 66975 83023 86853 88149 87610 97964 80787 99292 79713 0 52268 44084 31503 
33087 45339 53820 0 72697 86360 81499 98633 82706 87692 80045 80879 61683 0 38978 31615 
30756 38371 54534 58399 0 71538 86599 75545 86112 70281 82039 65146 61166 45118 0 27369 
27755 37630 46326 60253 62549 0 65881 81888 72130 75823 68117 70411 54720 46588 33351 0 
28234 33562 46209 53304 70882 62227 0 62374 79312 66783 75503 58909 58582 42997 33414 24250 
24748 35785 42372 58030 61733 76812 60439 0 59951 77050 66831 69373 51319 47209 32040 24410 
24410 32040 47209 51319 69373 66831 77050 59951 0 60439 76812 61733 58030 42372 35785 24748 
24250 33414 42997 58582 58909 75503 66783 79312 62374 0 62227 70882 53304 46209 33562 28234 
0 33351 46588 54720 70411 68117 75823 72130 81888 65881 0 62549 60253 46326 37630 27755 
27369 0 45118 61166 65146 82039 70281 86112 75545 86599 71538 0 58399 54534 38371 30756 
31615 38978 0 61683 80879 80045 87692 82706 98633 81499 86360 72697 0 53820 45339 33087 
31503 44084 52268 0 79713 99292 80787 97964 87610 88149 86853 83023 66975 0 46088 37889 
35532 45336 60814 72784 0 99024 105744 96981 96438 91846 100594 85878 76232 61510 0 38993 
40087 50155 64406 77570 89116 0 104467 105317 107870 106222 105045 100453 81982 72192 55398 0 
0 49877 62119 77334 87752 86284 92427 100189 98997 96822 89116 0 71043 57298 46543 34961 
37144 0 62441 70218 86667 85722 90616 90009 94321 89427 95301 84580 0 58498 45617 33866 
34369 45300 0 66819 77619 83504 88656 87858 84935 94135 75458 89970 69133 0 42036 34564 
33669 41851 54574 0 72184 75187 85242 87640 91404 77762 80617 72572 70169 52285 0 30660 
31120 40121 51485 58643 0 69899 76082 88741 81816 79285 65295 75136 58357 52579 37627 0 
27984 37584 48449 57367 65822 0 79463 73194 83855 73751 70226 61293 62844 46761 37011 27369 
27755 37611 48202 59870 65246 72749 0 78622 72460 77658 69444 70539 53350 50352 35987 27187 
28446 35416 47102 57068 74389 66326 78768 0 76790 69168 75152 66993 60784 44218 36950 27134 
27134 36950 44218 60784 66993 75152 69168 76790 0 78768 66326 74389 57068 47102 35416 28446 
27187 35987 50352 53350 70539 69444 77658 72460 78622 0 72749 65246 59870 48202 37611 27755 
27369 37011 46761 62844 61293 70226 73751 83855 73194 79463 0 65822 57367 48449 37584 27984 
0 37627 52579 58357 75136 65295 79285 81816 88741 76082 69899 0 58643 51485 40121 31120 
30660 0 52285 70169 72572 80617 77762 91404 87640 85242 75187 72184 0 54574 41851 33669 
34564 42036 0 69133 89970 75458 94135 84935 87858 88656 83504 77619 66819 0 45300 34369 
33866 45617 58498 0 84580 95301 89427 94321 90009 90616 85722 86667 70218 62441 0 37144 
34961 46543 57298 71043 0 89116 96822 98997 100189 92427 86284 87752 77334 62119 49877 0 
0 37801 52514 63315 64301 73550 80776 84947 84665 84613 77570 71043 0 50637 37825 29442 
30736 0 53907 66484 73421 71063 82850 85545 86464 84112 81593 78190 66533 0 43085 32367 
33760 42860 0 65518 70917 81089 77885 87040 84804 85163 82865 72875 72630 56384 0 33643 
32408 42122 53423 0 68912 76802 84536 75006 83148 86744 73716 70041 61787 56949 40536 0 
29310 41874 51777 62444 0 73106 81552 90879 81547 78669 79407 64337 62988 53695 43571 30660 
31120 37608 52912 64644 67006 0 82042 96066 91719 80675 72292 72368 60378 52504 42084 31615 
30756 40104 48024 64392 69516 75225 0 83032 94998 86926 73625 66452 64758 50745 40012 30719 
30217 40581 50406 56513 75201 84871 81419 0 80971 91300 83506 66182 60615 52486 39468 29475 
29475 39468 52486 60615 66182 83506 91300 80971 0 81419 84871 75201 56513 50406 40581 30217 
30719 40012 50745 64758 66452 73625 86926 94998 83032 0 75225 69516 64392 48024 40104 30756 
31615 42084 52504 60378 72368 72292 80675 91719 96066 82042 0 67006 64644 52912 37608 31120 
30660 43571 53695 62988 64337 79407 78669 81547 90879 81552 73106 0 62444 51777 41874 29310 
0 40536 56949 61787 70041 73716 86744 83148 75006 84536 76802 68912 0 53423 42122 32408 
33643 0 56384 72630 72875 82865 85163 84804 87040 77885 81089 70917 65518 0 42860 33760 
32367 43085 0 66533 78190 81593 84112 86464 85545 82850 71063 73421 66484 53907 0 30736 
29442 37825 50637 0 71043 77570 84613 84665 84947 80776 73550 64301 63315 52514 37801 0 
0 29638 36714 47853 54158 64114 65939 72353 70243 70841 64406 57298 50637 0 30800 21369 
25653 0 47260 50986 64510 67752 77431 76456 79213 76344 72014 65917 58640 50448 0 28364 
28865 39772 0 62677 67775 74550 78449 82871 81259 79193 75920 74946 58970 55646 43313 0 
33704 39689 54491 0 75518 77973 77246 81846 82925 80608 80311 68977 63422 52922 44158 33643 
32408 43163 53422 66187 0 83481 88980 82199 86146 92636 76570 74231 60632 58101 41636 34564 
33669 41744 55616 62666 78194 0 94587 93681 88630 85009 85769 69646 62821 54383 44280 31503 
33087 43221 54568 60124 77239 89675 0 110426 93686 84508 80069 78417 62315 53987 42163 33578 
32993 42920 54627 61926 70087 85924 105093 0 108897 92398 81752 73849 63143 54178 43034 32828 
32828 43034 54178 63143 73849 81752 92398 108897 0 105093 85924 70087 61926 54627 42920 32993 
33578 42163 53987 62315 78417 80069 84508 93686 110426 0 89675 77239 60124 54568 43221 33087 
31503 44280 54383 62821 69646 85769 85009 88630 93681 94587 0 78194 62666 55616 41744 33669 
34564 41636 58101 60632 74231 76570 92636 86146 82199 88980 83481 0 66187 53422 43163 32408 
33643 44158 52922 63422 68977 80311 80608 82925 81846 77246 77973 75518 0 54491 39689 33704 
0 43313 55646 58970 74946 75920 79193 81259 82871 78449 74550 67775 62677 0 39772 28865 
28364 0 50448 58640 65917 72014 76344 79213 76456 77431 67752 64510 50986 47260 0 25653 
21369 30800 0 50637 57298 64406 70841 70243 72353 65939 64114 54158 47853 36714 29638 0 
0 18697 27109 33972 42322 47596 53690 53905 56560 53993 50155 46543 37825 30800 0 16364 
18018 0 30694 43231 50216 58140 61093 65694 64606 64289 60620 55191 47381 39901 30350 0 
24312 30231 0 48640 61334 65981 73715 75978 79695 74128 70692 63897 58645 47274 38102 28364 
28865 38080 45832 0 68230 76979 78476 86074 85804 84477 77060 78254 61540 52680 41632 32367 
33760 42009 53415 65241 0 89097 92942 89118 93191 89569 92874 76548 71767 56045 44985 33866 
34369 45917 55107 67901 84303 0 103004 101540 92404 102986 84888 87362 68475 57657 46261 35532 
37889 46440 58370 68540 86826 100281 0 113750 116896 92443 100434 82969 74337 58814 49547 37171 
36980 49198 59357 73839 81278 96531 110962 0 115616 113495 88952 85489 71665 63308 48082 38371 
38371 48082 63308 71665 85489 88952 113495 115616 0 110962 96531 81278 73839 59357 49198 36980 
37171 49547 58814 74337 82969 100434 92443 116896 113750 0 100281 86826 68540 58370 46440 37889 
35532 46261 57657 68475 87362 84888 102986 92404 101540 103004 0 84303 67901 55107 45917 34369 
33866 44985 56045 71767 76548 92874 89569 93191 89118 92942 89097 0 65241 53415 42009 33760 
32367 41632 52680 61540 78254 77060 84477 85804 86074 78476 76979 68230 0 45832 38080 28865 
28364 38102 47274 58645 63897 70692 74128 79695 75978 73715 65981 61334 48640 0 30231 24312 
0 30350 39901 47381 55191 60620 64289 64606 65694 61093 58140 50216 43231 30694 0 18018 
16364 0 30800 37825 46543 50155 53993 56560 53905 53690 47596 42322 33972 27109 18697 0 
0 13448 18018 25653 30736 37144 38993 43943 44128 41942 40087 34961 29442 21369 16364 0 
13448 0 25462 30768 41625 44638 50295 51733 56305 53108 48729 46247 37810 31347 21652 16364 
18018 25462 0 42893 50340 61434 65474 68459 68575 69170 64632 56335 50405 42450 31347 21369 
25653 30768 42893 0 65583 70640 81546 83868 83052 81592 77422 70287 62038 50405 37810 29442 
30736 41625 50340 65583 0 89210 93798 97185 100173 93447 91274 89561 70287 56335 46247 34961 
37144 44638 61434 70640 89210 0 107584 106763 107932 106755 106036 91274 77422 64632 48729 40087 
38993 50295 65474 81546 93798 107584 0 122729 117633 125196 106755 93447 81592 69170 53108 41942 
43943 51733 68459 83868 97185 106763 122729 0 138353 117633 107932 100173 83052 68575 56305 44128 
44128 56305 68575 83052 100173 107932 117633 138353 0 122729 106763 97185 83868 68459 51733 43943 
41942 53108 69170 81592 93447 106755 125196 117633 122729 0 107584 93798 81546 65474 50295 38993 
40087 48729 64632 77422 91274 106036 106755 107932 106763 107584 0 89210 70640 61434 44638 37144 
34961 46247 56335 70287 89561 91274 93447 100173 97185 93798 89210 0 65583 50340 41625 30736 
29442 37810 50405 62038 70287 77422 81592 83052 83868 81546 70640 65583 0 42893 30768 25653 
21369 31347 42450 50405 56335 64632 69170 68575 68459 65474 61434 50340 42893 0 25462 18018 
16364 21652 31347 37810 46247 48729 53108 56305 51733 50295 44638 41625 30768 25462 0 13448 
0 16364 21369 29442 34961 40087 41942 44128 43943 38993 37144 30736 25653 18018 13448 0 
