10 724
64 0 0 0 0 0 0 0 0 0 
0 48 0 0 0 0 0 0 0 0 
0 0 65 0 0 0 0 0 0 0 
0 0 0 93 0 0 0 0 0 0 
0 0 0 0 92 0 0 0 0 0 
0 0 0 0 0 92 0 0 0 0 
0 0 0 0 0 0 93 0 0 0 
0 0 0 0 0 0 0 65 0 0 
0 0 0 0 0 0 0 0 48 0 
0 0 0 0 0 0 0 0 0 64 
0 0 1 5 9 7 8 13 3 2 
0 0 0 14 11 9 10 4 9 5 
4 0 0 0 21 17 21 10 5 13 
11 5 0 0 0 18 16 6 6 10 
6 12 11 0 0 0 19 20 8 13 
13 8 20 19 0 0 0 11 12 6 
10 6 6 16 18 0 0 0 5 11 
13 5 10 21 17 21 0 0 0 4 
5 9 4 10 9 11 14 0 0 0 
2 3 13 8 7 9 5 1 0 0 
0 1 0 11 13 9 11 7 8 5 
4 0 10 0 13 15 13 18 6 12 
0 7 0 18 0 12 12 9 11 7 
9 0 4 0 16 0 9 6 6 11 
5 4 0 19 0 14 0 11 5 11 
11 5 11 0 14 0 19 0 4 5 
11 6 6 9 0 16 0 4 0 9 
7 11 9 12 12 0 18 0 7 0 
12 6 18 13 15 13 0 10 0 4 
5 8 7 11 9 13 11 0 1 0 
0 5 11 0 13 20 17 8 6 13 
11 0 11 9 0 11 12 7 4 7 
9 10 0 18 7 0 4 5 6 2 
0 6 10 0 17 9 0 7 6 13 
4 0 6 20 0 15 13 0 5 5 
5 5 0 13 15 0 20 6 0 4 
13 6 7 0 9 17 0 10 6 0 
2 6 5 4 0 7 18 0 10 9 
7 4 7 12 11 0 9 11 0 11 
13 6 8 17 20 13 0 11 5 0 
0 9 13 13 0 12 17 6 12 10 
6 0 9 19 14 0 13 10 7 11 
5 5 0 4 23 11 0 5 3 13 
4 2 11 0 5 20 8 0 6 12 
0 4 4 7 0 7 12 7 0 3 
3 0 7 12 7 0 7 4 4 0 
12 6 0 8 20 5 0 11 2 4 
13 3 5 0 11 23 4 0 5 5 
11 7 10 13 0 14 19 9 0 6 
10 12 6 17 12 0 13 13 9 0 
0 7 9 20 12 0 17 8 6 13 
13 0 6 11 16 19 0 8 5 11 
11 5 0 9 7 14 13 0 5 5 
5 10 9 0 9 8 11 13 0 3 
3 4 10 5 0 7 7 2 6 0 
0 6 2 7 7 0 5 10 4 3 
3 0 13 11 8 9 0 9 10 5 
5 5 0 13 14 7 9 0 5 11 
11 5 8 0 19 16 11 6 0 13 
13 6 8 17 0 12 20 9 7 0 
0 8 11 17 17 17 0 10 7 6 
10 0 7 11 7 15 10 0 7 5 
11 7 0 7 9 4 13 6 0 4 
13 5 6 0 9 10 12 9 4 0 
12 6 12 8 0 4 15 4 4 3 
3 4 4 15 4 0 8 12 6 12 
0 4 9 12 10 9 0 6 5 13 
4 0 6 13 4 9 7 0 7 11 
5 7 0 10 15 7 11 7 0 10 
6 7 10 0 17 17 17 11 8 0 
0 13 7 8 6 8 10 0 2 11 
13 0 12 11 13 11 14 8 0 9 
7 9 0 13 9 12 10 11 5 0 
2 3 10 0 13 9 6 11 3 4 
13 6 4 12 0 11 9 2 7 5 
5 7 2 9 11 0 12 4 6 13 
4 3 11 6 9 13 0 10 3 2 
0 5 11 10 12 9 13 0 9 7 
9 0 8 14 11 13 11 12 0 13 
11 2 0 10 8 6 8 7 13 0 
0 3 8 6 12 6 7 2 0 4 
5 0 8 10 11 7 11 9 1 0 
12 3 0 16 9 14 10 6 12 9 
7 9 7 0 12 9 13 3 7 5 
11 5 11 11 0 12 9 11 8 11 
11 8 11 9 12 0 11 11 5 11 
5 7 3 13 9 12 0 7 9 7 
9 12 6 10 14 9 16 0 3 12 
0 1 9 11 7 11 10 8 0 5 
4 0 2 7 6 12 6 8 3 0 
0 2 5 13 10 13 6 11 4 0 
2 0 2 8 7 5 10 1 9 4 
5 2 0 8 7 8 10 13 1 11 
13 8 8 0 11 9 18 10 10 6 
10 7 7 11 0 22 9 8 5 13 
13 5 8 9 22 0 11 7 7 10 
6 10 10 18 9 11 0 8 8 13 
11 1 13 10 8 7 8 0 2 5 
4 9 1 10 5 7 8 2 0 2 
0 4 11 6 13 10 13 5 2 0 
