18 666090624
17210372 0 0 0 0 0 0 0 0 0 0 0 0 0 0 0 0 0 
0 22038667 0 0 0 0 0 0 0 0 0 0 0 0 0 0 0 0 
0 0 27585497 0 0 0 0 0 0 0 0 0 0 0 0 0 0 0 
0 0 0 33297967 0 0 0 0 0 0 0 0 0 0 0 0 0 0 
0 0 0 0 39005536 0 0 0 0 0 0 0 0 0 0 0 0 0 
0 0 0 0 0 43698287 0 0 0 0 0 0 0 0 0 0 0 0 
0 0 0 0 0 0 47802996 0 0 0 0 0 0 0 0 0 0 0 
0 0 0 0 0 0 0 50523766 0 0 0 0 0 0 0 0 0 0 
0 0 0 0 0 0 0 0 51882224 0 0 0 0 0 0 0 0 0 
0 0 0 0 0 0 0 0 0 51882224 0 0 0 0 0 0 0 0 
0 0 0 0 0 0 0 0 0 0 50523766 0 0 0 0 0 0 0 
0 0 0 0 0 0 0 0 0 0 0 47802996 0 0 0 0 0 0 
0 0 0 0 0 0 0 0 0 0 0 0 43698287 0 0 0 0 0 
0 0 0 0 0 0 0 0 0 0 0 0 0 39005536 0 0 0 0 
0 0 0 0 0 0 0 0 0 0 0 0 0 0 33297967 0 0 0 
0 0 0 0 0 0 0 0 0 0 0 0 0 0 0 27585497 0 0 
0 0 0 0 0 0 0 0 0 0 0 0 0 0 0 0 22038667 0 
0 0 0 0 0 0 0 0 0 0 0 0 0 0 0 0 0 17210372 
0 0 588092 818125 1109112 1436668 1662505 1940502 1971881 2161852 1975720 2041129 1656383 1556353 1101036 946106 591271 481932 
0 0 0 1044497 1391383 1721500 2096934 2246678 2457578 2402976 2537362 2224062 2178367 1729349 1564940 1082692 910635 560077 
530102 0 0 0 1739649 2203400 2504160 2893728 2877612 3052525 2863310 2890284 2432595 2274170 1742808 1541925 1044130 852894 
720400 951150 0 0 0 2498559 2970751 3212062 3552898 3359412 3499913 3114701 3027505 2454547 2196535 1638378 1399964 932297 
932327 1256660 1563106 0 0 0 3335497 3760776 3804261 4166322 3710425 3688720 3159871 3018238 2363628 2039781 1486591 1222862 
1105827 1462650 1941065 2292715 0 0 0 3960175 4303883 4165710 4356035 3768372 3663814 3040561 2775381 2108567 1804532 1256778 
1262641 1686962 2123545 2702777 3122108 0 0 0 4435146 4610416 4344506 4368685 3674317 3516642 2795662 2414019 1807601 1489351 
1433683 1780488 2342229 2796839 3518729 3822596 0 0 0 4559752 4674563 4256863 4121114 3407603 3090810 2367455 1993083 1443203 
1428413 1968758 2357905 3089273 3415485 4150105 4354609 0 0 0 4548011 4525724 3951493 3711607 2922941 2530632 1894192 1557585 
1557585 1894192 2530632 2922941 3711607 3951493 4525724 4548011 0 0 0 4354609 4150105 3415485 3089273 2357905 1968758 1428413 
1443203 1993083 2367455 3090810 3407603 4121114 4256863 4674563 4559752 0 0 0 3822596 3518729 2796839 2342229 1780488 1433683 
1489351 1807601 2414019 2795662 3516642 3674317 4368685 4344506 4610416 4435146 0 0 0 3122108 2702777 2123545 1686962 1262641 
1256778 1804532 2108567 2775381 3040561 3663814 3768372 4356035 4165710 4303883 3960175 0 0 0 2292715 1941065 1462650 1105827 
1222862 1486591 2039781 2363628 3018238 3159871 3688720 3710425 4166322 3804261 3760776 3335497 0 0 0 1563106 1256660 932327 
932297 1399964 1638378 2196535 2454547 3027505 3114701 3499913 3359412 3552898 3212062 2970751 2498559 0 0 0 951150 720400 
852894 1044130 1541925 1742808 2274170 2432595 2890284 2863310 3052525 2877612 2893728 2504160 2203400 1739649 0 0 0 530102 
560077 910635 1082692 1564940 1729349 2178367 2224062 2537362 2402976 2457578 2246678 2096934 1721500 1391383 1044497 0 0 0 
481932 591271 946106 1101036 1556353 1656383 2041129 1975720 2161852 1971881 1940502 1662505 1436668 1109112 818125 588092 0 0 
0 588092 0 1174707 1472595 1799415 2178429 2287771 2568570 2448786 2643732 2271135 2261690 1767878 1608316 1088488 865816 560077 
530102 0 1026572 0 1843671 2143684 2420039 2719366 2706098 2924699 2701079 2822641 2333152 2263290 1697334 1521962 993149 796454 
0 907886 0 1673809 0 2520462 2898195 2933480 3256682 3080578 3190542 2886882 2836134 2356473 2147271 1598752 1340660 897718 
890085 0 1492540 0 2442411 0 3040493 3416689 3358898 3516326 3277819 3342095 2869869 2792533 2165290 1929523 1344450 1139183 
1038136 1371923 0 2193443 0 3173037 0 3520038 3798383 3584793 3691751 3285770 3266210 2746003 2575168 1933201 1596393 1132076 
1136765 1487134 1947598 0 2940748 0 3789128 0 3797554 3962417 3563013 3623283 3173034 2998251 2431250 2186394 1550277 1302331 
1256627 1552358 2112770 2487318 0 3613958 0 4245333 0 3908316 4035594 3510585 3415651 2954060 2666665 2085176 1739449 1256565 
1240851 1662045 2071144 2700067 3020426 0 4104276 0 4418093 0 3866347 3915907 3259093 3135596 2540851 2236793 1649887 1368370 
1352012 1638560 2226301 2569783 3252213 3436825 0 4431212 0 4552031 0 3714138 3596073 3019388 2666695 2128283 1750588 1313020 
1313020 1750588 2128283 2666695 3019388 3596073 3714138 0 4552031 0 4431212 0 3436825 3252213 2569783 2226301 1638560 1352012 
1368370 1649887 2236793 2540851 3135596 3259093 3915907 3866347 0 4418093 0 4104276 0 3020426 2700067 2071144 1662045 1240851 
1256565 1739449 2085176 2666665 2954060 3415651 3510585 4035594 3908316 0 4245333 0 3613958 0 2487318 2112770 1552358 1256627 
1302331 1550277 2186394 2431250 2998251 3173034 3623283 3563013 3962417 3797554 0 3789128 0 2940748 0 1947598 1487134 1136765 
1132076 1596393 1933201 2575168 2746003 3266210 3285770 3691751 3584793 3798383 3520038 0 3173037 0 2193443 0 1371923 1038136 
1139183 1344450 1929523 2165290 2792533 2869869 3342095 3277819 3516326 3358898 3416689 3040493 0 2442411 0 1492540 0 890085 
897718 1340660 1598752 2147271 2356473 2836134 2886882 3190542 3080578 3256682 2933480 2898195 2520462 0 1673809 0 907886 0 
796454 993149 1521962 1697334 2263290 2333152 2822641 2701079 2924699 2706098 2719366 2420039 2143684 1843671 0 1026572 0 530102 
560077 865816 1088488 1608316 1767878 2261690 2271135 2643732 2448786 2568570 2287771 2178429 1799415 1472595 1174707 0 588092 0 
0 818125 1174707 0 1926130 2330422 2470490 2917662 2898815 2964910 2889194 2925899 2454796 2376459 1804904 1466880 1025680 852894 
720400 0 1342899 1829083 0 2515537 2909619 2832410 3193356 3098873 3076628 2878536 2808648 2349667 2183156 1588815 1303727 897718 
890085 1179258 0 2120340 2502644 0 2945033 3248212 2996156 3363334 3121963 2946518 2731877 2555543 2133971 1817804 1370986 1094480 
0 1325911 1748091 0 2829538 2947257 0 3109510 3322064 3164835 3255986 2988213 2793913 2523755 2257678 1752449 1464956 1088468 
1110423 0 1806639 2514635 0 3465262 3403161 0 3298943 3375071 3144472 3216743 2835228 2584601 2236783 1884818 1460390 1165592 
1216756 1462394 0 2393203 3191155 0 3970788 3725993 0 3344704 3383188 3045972 3024016 2636949 2263973 1847695 1545486 1136087 
1112225 1583626 1840519 0 2885647 3757660 0 4274085 3874898 0 3307594 3238111 2856222 2685452 2299436 1859220 1509370 1195839 
1215962 1433535 1922352 2290167 0 3261168 4157052 0 4503664 3923319 0 3140660 3011583 2575834 2348890 1847451 1509698 1179593 
1163598 1551396 1776280 2372295 2644487 0 3566201 4423652 0 4559282 3813217 0 2904698 2737675 2249453 1908878 1494129 1170252 
1170252 1494129 1908878 2249453 2737675 2904698 0 3813217 4559282 0 4423652 3566201 0 2644487 2372295 1776280 1551396 1163598 
1179593 1509698 1847451 2348890 2575834 3011583 3140660 0 3923319 4503664 0 4157052 3261168 0 2290167 1922352 1433535 1215962 
1195839 1509370 1859220 2299436 2685452 2856222 3238111 3307594 0 3874898 4274085 0 3757660 2885647 0 1840519 1583626 1112225 
1136087 1545486 1847695 2263973 2636949 3024016 3045972 3383188 3344704 0 3725993 3970788 0 3191155 2393203 0 1462394 1216756 
1165592 1460390 1884818 2236783 2584601 2835228 3216743 3144472 3375071 3298943 0 3403161 3465262 0 2514635 1806639 0 1110423 
1088468 1464956 1752449 2257678 2523755 2793913 2988213 3255986 3164835 3322064 3109510 0 2947257 2829538 0 1748091 1325911 0 
1094480 1370986 1817804 2133971 2555543 2731877 2946518 3121963 3363334 2996156 3248212 2945033 0 2502644 2120340 0 1179258 890085 
897718 1303727 1588815 2183156 2349667 2808648 2878536 3076628 3098873 3193356 2832410 2909619 2515537 0 1829083 1342899 0 720400 
852894 1025680 1466880 1804904 2376459 2454796 2925899 2889194 2964910 2898815 2917662 2470490 2330422 1926130 0 1174707 818125 0 
0 1109112 1472595 1926130 0 2670515 3191946 3204405 3605235 3438422 3588576 3182934 3120535 2532089 2075758 1583491 1371496 932297 
932327 0 1624896 2135689 2596168 0 3063992 3509625 3334275 3562484 3342099 3329333 2904696 2802380 2096621 1799090 1336207 1139183 
1038136 1345060 0 2133408 2899655 3000075 0 3171354 3530143 3297075 3357215 3110652 2968469 2576211 2176569 1772526 1441309 1088468 
1110423 1435517 1756106 0 2554919 3261647 3108221 0 3095300 3269066 3165374 3070738 2756076 2622206 2057725 1782477 1373148 1083818 
0 1414306 1859978 2110937 0 2840007 3599031 3283146 0 3072687 3173284 3063896 2839091 2461558 2118758 1731043 1445081 1088335 
1076038 0 1772457 2316655 2576734 0 3132084 3852652 3434697 0 3053242 3101303 2817900 2571351 2046885 1815477 1381043 1124367 
1150148 1340222 0 2079760 2912950 2867412 0 3301301 3938776 3419128 0 2882798 2803799 2479684 2029067 1722394 1448790 1067127 
1076082 1438452 1669830 0 2571638 3298978 3136679 0 3456334 4026245 3312565 0 2661250 2489293 2002923 1739204 1381995 1126213 
1110006 1364868 1764748 1943907 0 2887837 3671764 3304836 0 3402357 3904092 3157625 0 2358700 2047175 1719185 1412061 1067404 
1067404 1412061 1719185 2047175 2358700 0 3157625 3904092 3402357 0 3304836 3671764 2887837 0 1943907 1764748 1364868 1110006 
1126213 1381995 1739204 2002923 2489293 2661250 0 3312565 4026245 3456334 0 3136679 3298978 2571638 0 1669830 1438452 1076082 
1067127 1448790 1722394 2029067 2479684 2803799 2882798 0 3419128 3938776 3301301 0 2867412 2912950 2079760 0 1340222 1150148 
1124367 1381043 1815477 2046885 2571351 2817900 3101303 3053242 0 3434697 3852652 3132084 0 2576734 2316655 1772457 0 1076038 
1088335 1445081 1731043 2118758 2461558 2839091 3063896 3173284 3072687 0 3283146 3599031 2840007 0 2110937 1859978 1414306 0 
1083818 1373148 1782477 2057725 2622206 2756076 3070738 3165374 3269066 3095300 0 3108221 3261647 2554919 0 1756106 1435517 1110423 
1088468 1441309 1772526 2176569 2576211 2968469 3110652 3357215 3297075 3530143 3171354 0 3000075 2899655 2133408 0 1345060 1038136 
1139183 1336207 1799090 2096621 2802380 2904696 3329333 3342099 3562484 3334275 3509625 3063992 0 2596168 2135689 1624896 0 932327 
932297 1371496 1583491 2075758 2532089 3120535 3182934 3588576 3438422 3605235 3204405 3191946 2670515 0 1926130 1472595 1109112 0 
0 1436668 1799415 2330422 2670515 0 3404322 3836413 3807134 4078190 3655255 3818987 3243348 2798299 2187889 1967224 1441344 1222862 
1105827 0 1926920 2242113 2945663 3225362 0 3531953 3718860 3591559 3695896 3243391 3331359 2616091 2325678 1815786 1557531 1132076 
1136765 1492288 0 2401780 2491900 3515876 3366900 0 3352249 3489846 3275646 3319306 2860590 2591685 2166205 1827844 1434705 1165592 
1216756 1420927 1891093 0 2697415 2832915 3620529 3347530 0 3150911 3264508 3124287 2900435 2280688 2186124 1736386 1429520 1088335 
1076038 1527646 1711542 2219016 0 3127640 2921605 3572569 3194230 0 2978066 2786132 2670800 2294852 1875499 1714447 1319919 1082884 
0 1318307 1793170 1977856 2488879 0 3292787 3010353 3604447 3165650 0 2723916 2454851 2184809 1945038 1573349 1328708 1004222 
1010665 0 1613210 2103938 2225794 2932310 0 3494721 3102029 3507205 3084294 0 2448510 2028995 1858340 1599493 1246327 1020358 
1001358 1274530 0 1909071 2452360 2618026 3268254 0 3549577 3089204 3366848 2917648 0 2069713 1777310 1574062 1295879 966792 
982256 1248472 1535153 0 2167878 2914333 2805453 3422484 0 3481133 2987230 3189479 2621932 0 1791688 1506403 1265896 997586 
997586 1265896 1506403 1791688 0 2621932 3189479 2987230 3481133 0 3422484 2805453 2914333 2167878 0 1535153 1248472 982256 
966792 1295879 1574062 1777310 2069713 0 2917648 3366848 3089204 3549577 0 3268254 2618026 2452360 1909071 0 1274530 1001358 
1020358 1246327 1599493 1858340 2028995 2448510 0 3084294 3507205 3102029 3494721 0 2932310 2225794 2103938 1613210 0 1010665 
1004222 1328708 1573349 1945038 2184809 2454851 2723916 0 3165650 3604447 3010353 3292787 0 2488879 1977856 1793170 1318307 0 
1082884 1319919 1714447 1875499 2294852 2670800 2786132 2978066 0 3194230 3572569 2921605 3127640 0 2219016 1711542 1527646 1076038 
1088335 1429520 1736386 2186124 2280688 2900435 3124287 3264508 3150911 0 3347530 3620529 2832915 2697415 0 1891093 1420927 1216756 
1165592 1434705 1827844 2166205 2591685 2860590 3319306 3275646 3489846 3352249 0 3366900 3515876 2491900 2401780 0 1492288 1136765 
1132076 1557531 1815786 2325678 2616091 3331359 3243391 3695896 3591559 3718860 3531953 0 3225362 2945663 2242113 1926920 0 1105827 
1222862 1441344 1967224 2187889 2798299 3243348 3818987 3655255 4078190 3807134 3836413 3404322 0 2670515 2330422 1799415 1436668 0 
0 1662505 2178429 2470490 3191946 3404322 0 3996850 4528320 4197013 4502826 3941925 3241848 2829125 2643786 1991731 1765102 1256778 
1262641 0 1997368 2488955 2702168 3668649 3835104 0 3821729 4099955 3666374 3823821 3102066 2713836 2293076 2053639 1522666 1302331 
1256627 1540060 0 2202714 2858098 2698454 4130892 3714786 0 3411611 3619442 3223082 3030882 2604005 2137210 1775334 1501141 1136087 
1112225 1508563 1790611 0 2364597 2920915 3095053 3947132 3540330 0 3204962 3149638 2740497 2587016 2103781 1729329 1360888 1124367 
1150148 1333626 1831490 1984013 0 2412082 3269161 3023266 3678767 3332406 0 2764243 2415272 2284898 2058913 1619386 1281463 1004222 
1010665 1392193 1560577 2080687 2118626 0 2616271 3213708 2908711 3509439 3035540 0 2189777 2047394 1822330 1582533 1239422 948316 
0 1234769 1651992 1851914 2317861 2210136 0 2727394 3165313 2926054 3239785 2729222 0 1953696 1727751 1470291 1217645 944011 
919958 0 1505877 1954133 2092134 2502602 2571799 0 2820428 3167537 2804954 3050303 2341668 0 1694990 1438010 1168940 945602 
921974 1153458 0 1783224 2265900 2260981 2967424 2710830 0 2774611 3115917 2635058 2558136 2074236 0 1408900 1156226 914420 
914420 1156226 1408900 0 2074236 2558136 2635058 3115917 2774611 0 2710830 2967424 2260981 2265900 1783224 0 1153458 921974 
945602 1168940 1438010 1694990 0 2341668 3050303 2804954 3167537 2820428 0 2571799 2502602 2092134 1954133 1505877 0 919958 
944011 1217645 1470291 1727751 1953696 0 2729222 3239785 2926054 3165313 2727394 0 2210136 2317861 1851914 1651992 1234769 0 
948316 1239422 1582533 1822330 2047394 2189777 0 3035540 3509439 2908711 3213708 2616271 0 2118626 2080687 1560577 1392193 1010665 
1004222 1281463 1619386 2058913 2284898 2415272 2764243 0 3332406 3678767 3023266 3269161 2412082 0 1984013 1831490 1333626 1150148 
1124367 1360888 1729329 2103781 2587016 2740497 3149638 3204962 0 3540330 3947132 3095053 2920915 2364597 0 1790611 1508563 1112225 
1136087 1501141 1775334 2137210 2604005 3030882 3223082 3619442 3411611 0 3714786 4130892 2698454 2858098 2202714 0 1540060 1256627 
1302331 1522666 2053639 2293076 2713836 3102066 3823821 3666374 4099955 3821729 0 3835104 3668649 2702168 2488955 1997368 0 1262641 
1256778 1765102 1991731 2643786 2829125 3241848 3941925 4502826 4197013 4528320 3996850 0 3404322 3191946 2470490 2178429 1662505 0 
0 1940502 2287771 2917662 3204405 3836413 3996850 0 4475460 4796084 4454408 3818656 3378740 3250566 2584109 2347767 1745022 1489351 
1433683 0 2169936 2472237 3055111 3201738 4117659 4261207 0 4008954 4126845 3459502 3095589 2752916 2516477 1962935 1717656 1256565 
1240851 1631740 0 2289712 2603766 3348402 3029733 4346871 3843009 0 3495665 3265469 2885524 2547136 2157885 1854663 1453481 1195839 
1215962 1464643 1866165 0 2665870 2695735 3301304 3279483 4035832 3576471 0 2855218 2713665 2446978 2031085 1669902 1435488 1067127 
1076082 1419039 1683991 2136036 0 2650418 2620100 3557168 3159674 3625706 3183769 0 2404374 2155545 1905762 1549334 1240325 1020358 
1001358 1281043 1711772 1872643 2297623 0 2657727 2823719 3380205 2928570 3296813 2559929 0 2006166 1741119 1468372 1159562 944011 
919958 1219723 1489384 1930960 1988792 2365402 0 2875378 2705517 3100259 2646786 2603917 2181217 0 1640355 1339500 1112235 859552 
0 1136695 1475190 1692247 2139324 2112310 2456815 0 2845864 2572795 2928352 2288249 2311499 1916558 0 1320894 1030040 843436 
834417 0 1387921 1753579 1948044 2373577 2222258 2773375 0 2827824 2473927 2549610 2143684 2026736 1656099 0 1051473 811822 
811822 1051473 0 1656099 2026736 2143684 2549610 2473927 2827824 0 2773375 2222258 2373577 1948044 1753579 1387921 0 834417 
843436 1030040 1320894 0 1916558 2311499 2288249 2928352 2572795 2845864 0 2456815 2112310 2139324 1692247 1475190 1136695 0 
859552 1112235 1339500 1640355 0 2181217 2603917 2646786 3100259 2705517 2875378 0 2365402 1988792 1930960 1489384 1219723 919958 
944011 1159562 1468372 1741119 2006166 0 2559929 3296813 2928570 3380205 2823719 2657727 0 2297623 1872643 1711772 1281043 1001358 
1020358 1240325 1549334 1905762 2155545 2404374 0 3183769 3625706 3159674 3557168 2620100 2650418 0 2136036 1683991 1419039 1076082 
1067127 1435488 1669902 2031085 2446978 2713665 2855218 0 3576471 4035832 3279483 3301304 2695735 2665870 0 1866165 1464643 1215962 
1195839 1453481 1854663 2157885 2547136 2885524 3265469 3495665 0 3843009 4346871 3029733 3348402 2603766 2289712 0 1631740 1240851 
1256565 1717656 1962935 2516477 2752916 3095589 3459502 4126845 4008954 0 4261207 4117659 3201738 3055111 2472237 2169936 0 1433683 
1489351 1745022 2347767 2584109 3250566 3378740 3818656 4454408 4796084 4475460 0 3996850 3836413 3204405 2917662 2287771 1940502 0 
0 1971881 2568570 2898815 3605235 3807134 4528320 4475460 0 4630448 4028252 3802422 3785137 3159281 2935326 2294916 1947824 1443203 
1428413 0 2153463 2715252 3018608 3471455 3601639 4589067 4484751 0 3775115 3512562 3107644 2956188 2407016 2158096 1659094 1368370 
1352012 1597454 0 2287154 2757958 2996242 3552237 3221708 4687173 3970666 0 3173983 2863162 2466327 2244552 1786564 1510337 1179593 
1163598 1566333 1777655 0 2443997 3052597 2985885 3384595 3469229 4220331 3251318 0 2629556 2282390 1976632 1687786 1317378 1126213 
1110006 1338076 1760238 1937330 0 2446322 2940153 2869442 3644297 3205430 3345414 2834398 0 2183473 1755571 1508047 1271576 966792 
982256 1325847 1575584 2042548 2089238 0 2492606 2858287 3007829 3370933 2714937 2861513 2400779 0 1736104 1377748 1135565 945602 
921974 1184324 1552761 1772162 2227976 2129109 0 2417453 2980931 2749129 2734135 2454533 2350623 2019266 0 1331402 1032081 843436 
834417 1147720 1390075 1754409 1902212 2289906 2134191 0 2430545 2709054 2310238 2431882 2126729 2000241 1600689 0 1000648 771390 
0 1032529 1371068 1582912 2029530 2020092 2330444 2163534 0 2321478 2384811 2166228 2221800 1863616 1651495 1291524 0 773097 
773097 0 1291524 1651495 1863616 2221800 2166228 2384811 2321478 0 2163534 2330444 2020092 2029530 1582912 1371068 1032529 0 
771390 1000648 0 1600689 2000241 2126729 2431882 2310238 2709054 2430545 0 2134191 2289906 1902212 1754409 1390075 1147720 834417 
843436 1032081 1331402 0 2019266 2350623 2454533 2734135 2749129 2980931 2417453 0 2129109 2227976 1772162 1552761 1184324 921974 
945602 1135565 1377748 1736104 0 2400779 2861513 2714937 3370933 3007829 2858287 2492606 0 2089238 2042548 1575584 1325847 982256 
966792 1271576 1508047 1755571 2183473 0 2834398 3345414 3205430 3644297 2869442 2940153 2446322 0 1937330 1760238 1338076 1110006 
1126213 1317378 1687786 1976632 2282390 2629556 0 3251318 4220331 3469229 3384595 2985885 3052597 2443997 0 1777655 1566333 1163598 
1179593 1510337 1786564 2244552 2466327 2863162 3173983 0 3970666 4687173 3221708 3552237 2996242 2757958 2287154 0 1597454 1352012 
1368370 1659094 2158096 2407016 2956188 3107644 3512562 3775115 0 4484751 4589067 3601639 3471455 3018608 2715252 2153463 0 1428413 
1443203 1947824 2294916 2935326 3159281 3785137 3802422 4028252 4630448 0 4475460 4528320 3807134 3605235 2898815 2568570 1971881 0 
0 2161852 2448786 2964910 3438422 4078190 4197013 4796084 4630448 0 3884797 3886257 3511097 3336286 2753732 2382451 1854314 1557585 
1557585 0 2283282 2592763 2954604 3384425 3738763 3755701 4859955 4249389 0 3428390 3261455 2799798 2520142 2026580 1680881 1313020 
1313020 1664720 0 2373753 2726459 2797178 3279585 3909840 3344086 4408664 3702990 0 2768651 2637066 2168565 1899535 1482758 1170252 
1170252 1495379 1845013 0 2498021 2780486 3222577 3152025 3485114 3279929 3788434 3186941 0 2265636 2020074 1691019 1387189 1067404 
1067404 1339362 1706891 2012663 0 2769984 2727461 2984710 2895313 3257866 3009600 3163805 2642572 0 1790814 1504773 1245761 997586 
997586 1295338 1542293 1882633 2314536 0 2779195 2609030 2781083 2736893 3033796 2695380 2638695 2195883 0 1381488 1119127 914420 
914420 1185760 1496543 1873617 1980794 2363108 0 2580242 2396264 2755604 2503236 2612536 2359297 2124267 1713607 0 1030178 811822 
811822 1113893 1465793 1666305 2027680 2031215 2325161 0 2354791 2236182 2514056 2241896 2295160 1994589 1685758 1296948 0 773097 
773097 1007674 1327732 1656520 1793910 2055816 2040959 2209290 0 2210643 2089935 2277077 1960958 1917585 1622111 1286370 974481 0 
0 974481 1286370 1622111 1917585 1960958 2277077 2089935 2210643 0 2209290 2040959 2055816 1793910 1656520 1327732 1007674 773097 
773097 0 1296948 1685758 1994589 2295160 2241896 2514056 2236182 2354791 0 2325161 2031215 2027680 1666305 1465793 1113893 811822 
811822 1030178 0 1713607 2124267 2359297 2612536 2503236 2755604 2396264 2580242 0 2363108 1980794 1873617 1496543 1185760 914420 
914420 1119127 1381488 0 2195883 2638695 2695380 3033796 2736893 2781083 2609030 2779195 0 2314536 1882633 1542293 1295338 997586 
997586 1245761 1504773 1790814 0 2642572 3163805 3009600 3257866 2895313 2984710 2727461 2769984 0 2012663 1706891 1339362 1067404 
1067404 1387189 1691019 2020074 2265636 0 3186941 3788434 3279929 3485114 3152025 3222577 2780486 2498021 0 1845013 1495379 1170252 
1170252 1482758 1899535 2168565 2637066 2768651 0 3702990 4408664 3344086 3909840 3279585 2797178 2726459 2373753 0 1664720 1313020 
1313020 1680881 2026580 2520142 2799798 3261455 3428390 0 4249389 4859955 3755701 3738763 3384425 2954604 2592763 2283282 0 1557585 
1557585 1854314 2382451 2753732 3336286 3511097 3886257 3884797 0 4630448 4796084 4197013 4078190 3438422 2964910 2448786 2161852 0 
0 1975720 2643732 2889194 3588576 3655255 4502826 4454408 4028252 3884797 0 3693918 3635912 3112523 2847271 2265431 1917538 1428413 
1443203 0 2133575 2752552 2969718 3482315 3488975 4083766 3791705 4024444 3833419 0 3140835 2959752 2398504 2111339 1642896 1352012 
1368370 1599759 0 2259677 2842455 2969359 3290543 3295882 3847741 3352716 3897578 3263168 0 2456231 2264281 1776796 1541592 1163598 
1179593 1553994 1764764 0 2415301 2978415 3036945 3618843 2871936 3485444 3331831 3303883 2698710 0 1932613 1685394 1353256 1110006 
1126213 1361204 1779983 1934844 0 2516293 3211636 2915304 3016901 2621314 3422934 2862427 2734987 2189139 0 1477344 1234902 982256 
966792 1339663 1581200 1971913 2109970 0 2503557 3040879 2625529 2825938 2625029 3027830 2477859 2229456 1762043 0 1121000 921974 
945602 1175629 1548665 1790672 2213046 2183302 0 2341328 2651428 2396488 2830234 2369633 2528775 2071182 1741643 1356891 0 834417 
843436 1152002 1372904 1811067 1942023 2314173 2122852 0 2064912 2420685 2356406 2500411 2069113 2107887 1652114 1328363 1011920 0 
771390 1050848 1436621 1539926 2033324 2066194 2413007 2044311 0 1971994 2431614 2211385 2246790 1764953 1749653 1322495 1006744 773097 
773097 1006744 1322495 1749653 1764953 2246790 2211385 2431614 1971994 0 2044311 2413007 2066194 2033324 1539926 1436621 1050848 771390 
0 1011920 1328363 1652114 2107887 2069113 2500411 2356406 2420685 2064912 0 2122852 2314173 1942023 1811067 1372904 1152002 843436 
834417 0 1356891 1741643 2071182 2528775 2369633 2830234 2396488 2651428 2341328 0 2183302 2213046 1790672 1548665 1175629 945602 
921974 1121000 0 1762043 2229456 2477859 3027830 2625029 2825938 2625529 3040879 2503557 0 2109970 1971913 1581200 1339663 966792 
982256 1234902 1477344 0 2189139 2734987 2862427 3422934 2621314 3016901 2915304 3211636 2516293 0 1934844 1779983 1361204 1126213 
1110006 1353256 1685394 1932613 0 2698710 3303883 3331831 3485444 2871936 3618843 3036945 2978415 2415301 0 1764764 1553994 1179593 
1163598 1541592 1776796 2264281 2456231 0 3263168 3897578 3352716 3847741 3295882 3290543 2969359 2842455 2259677 0 1599759 1368370 
1352012 1642896 2111339 2398504 2959752 3140835 0 3833419 4024444 3791705 4083766 3488975 3482315 2969718 2752552 2133575 0 1443203 
1428413 1917538 2265431 2847271 3112523 3635912 3693918 0 3884797 4028252 4454408 4502826 3655255 3588576 2889194 2643732 1975720 0 
0 2041129 2271135 2925899 3182934 3818987 3941925 3818656 3802422 3886257 3693918 0 3316926 3097906 2574333 2272839 1724047 1433683 
1489351 0 2232525 2447544 3049411 3192966 3772818 3550924 3523117 3508468 3876541 3555496 0 2788489 2511420 1961583 1652874 1240851 
1256565 1662288 0 2356229 2636211 3073663 3184806 3282417 3380116 3541586 3053215 3727574 2967239 0 2168547 1895994 1438013 1215962 
1195839 1459403 1855167 0 2555992 2758681 3108943 2972204 3556670 3116202 3142052 2936836 3048189 2425586 0 1661167 1410891 1076082 
1067127 1397127 1705156 2010760 0 2579672 2724203 3096881 2807957 3207156 2759788 3008265 2507724 2435530 1901783 0 1232869 1001358 
1020358 1269993 1616010 1891839 2217447 0 2809124 2480999 2939109 2581252 2830359 2660264 2545498 2115819 1912767 1465393 0 919958 
944011 1235425 1482129 1806703 2041985 2444716 0 2548848 2348448 2696092 2353255 2756242 2288024 2157944 1723502 1437469 1103041 0 
859552 1167775 1493792 1701751 2125819 2120475 2524604 0 2404817 2235328 2545726 2285199 2477295 2000238 1759674 1368764 1073709 834417 
843436 1095434 1431102 1884572 1984724 2413320 2199696 2356396 0 2347227 2161587 2607001 2144912 2189501 1720644 1435272 1074649 811822 
811822 1074649 1435272 1720644 2189501 2144912 2607001 2161587 2347227 0 2356396 2199696 2413320 1984724 1884572 1431102 1095434 843436 
834417 1073709 1368764 1759674 2000238 2477295 2285199 2545726 2235328 2404817 0 2524604 2120475 2125819 1701751 1493792 1167775 859552 
0 1103041 1437469 1723502 2157944 2288024 2756242 2353255 2696092 2348448 2548848 0 2444716 2041985 1806703 1482129 1235425 944011 
919958 0 1465393 1912767 2115819 2545498 2660264 2830359 2581252 2939109 2480999 2809124 0 2217447 1891839 1616010 1269993 1020358 
1001358 1232869 0 1901783 2435530 2507724 3008265 2759788 3207156 2807957 3096881 2724203 2579672 0 2010760 1705156 1397127 1067127 
1076082 1410891 1661167 0 2425586 3048189 2936836 3142052 3116202 3556670 2972204 3108943 2758681 2555992 0 1855167 1459403 1195839 
1215962 1438013 1895994 2168547 0 2967239 3727574 3053215 3541586 3380116 3282417 3184806 3073663 2636211 2356229 0 1662288 1256565 
1240851 1652874 1961583 2511420 2788489 0 3555496 3876541 3508468 3523117 3550924 3772818 3192966 3049411 2447544 2232525 0 1489351 
1433683 1724047 2272839 2574333 3097906 3316926 0 3693918 3886257 3802422 3818656 3941925 3818987 3182934 2925899 2271135 2041129 0 
0 1656383 2261690 2454796 3120535 3243348 3241848 3378740 3785137 3511097 3635912 3316926 0 2736190 2456415 1957017 1679612 1262641 
1256778 0 1972785 2483932 2713482 3231962 3206222 3223090 3262602 3581294 3276955 3572555 3125791 0 2311879 2018804 1511307 1256627 
1302331 1545555 0 2212294 2617165 2853783 3041277 3311593 3060978 3104038 3479001 2879361 3349908 2660015 0 1807629 1552024 1112225 
1136087 1545219 1806931 0 2434715 2808390 2909358 3020867 3245446 3226086 2874720 3046197 2728507 2766437 2116144 0 1373107 1150148 
1124367 1371598 1780935 2030810 0 2503250 2681277 2893850 3281442 3011999 2902110 2533088 2849805 2300094 2157947 1639648 0 1010665 
1004222 1330065 1595661 2014892 2172176 0 2412237 2922327 2705653 3011076 2737771 2521427 2331235 2377148 1873517 1635410 1221525 0 
948316 1233588 1542118 1904491 2189704 2282692 0 2423716 2806990 2714074 2694516 2485372 2381916 2061623 1950742 1509485 1226888 919958 
944011 1199505 1534308 1847474 2195455 2594778 2317020 0 2415685 2793792 2644842 2567385 2421499 2173657 1789317 1582737 1187193 921974 
945602 1187232 1468035 1834304 2355687 2395960 2575193 2368128 0 2364835 2735628 2496253 2595463 2131453 1859013 1472304 1217866 914420 
914420 1217866 1472304 1859013 2131453 2595463 2496253 2735628 2364835 0 2368128 2575193 2395960 2355687 1834304 1468035 1187232 945602 
921974 1187193 1582737 1789317 2173657 2421499 2567385 2644842 2793792 2415685 0 2317020 2594778 2195455 1847474 1534308 1199505 944011 
919958 1226888 1509485 1950742 2061623 2381916 2485372 2694516 2714074 2806990 2423716 0 2282692 2189704 1904491 1542118 1233588 948316 
0 1221525 1635410 1873517 2377148 2331235 2521427 2737771 3011076 2705653 2922327 2412237 0 2172176 2014892 1595661 1330065 1004222 
1010665 0 1639648 2157947 2300094 2849805 2533088 2902110 3011999 3281442 2893850 2681277 2503250 0 2030810 1780935 1371598 1124367 
1150148 1373107 0 2116144 2766437 2728507 3046197 2874720 3226086 3245446 3020867 2909358 2808390 2434715 0 1806931 1545219 1136087 
1112225 1552024 1807629 0 2660015 3349908 2879361 3479001 3104038 3060978 3311593 3041277 2853783 2617165 2212294 0 1545555 1302331 
1256627 1511307 2018804 2311879 0 3125791 3572555 3276955 3581294 3262602 3223090 3206222 3231962 2713482 2483932 1972785 0 1256778 
1262641 1679612 1957017 2456415 2736190 0 3316926 3635912 3511097 3785137 3378740 3241848 3243348 3120535 2454796 2261690 1656383 0 
0 1556353 1767878 2376459 2532089 2798299 2829125 3250566 3159281 3336286 3112523 3097906 2736190 0 2094845 1822378 1429531 1105827 
1222862 0 1985987 2156949 2762787 2705241 2988554 3038938 3243059 3147017 3182608 2946903 3006285 2654010 0 1799643 1531457 1136765 
1132076 1548062 0 2276884 2486154 2795929 2962314 3016456 3068564 3137152 2997461 3166555 2598804 2841578 2235827 0 1425753 1216756 
1165592 1405477 1860631 0 2483058 2513604 2908334 3034566 2987573 2973318 3183939 2715654 2735045 2389148 2300952 1769832 0 1076038 
1088335 1401455 1730726 2085308 0 2466886 2656152 2932659 3020631 3091435 2764433 2841304 2354177 2540309 1980756 1807016 1339556 0 
1082884 1337996 1715441 1995174 2274886 0 2624268 2724055 3180120 2936614 2928234 2497668 2461148 2203721 2108430 1621379 1370202 1010665 
1004222 1301662 1638254 2002395 2288915 2369898 0 2997026 2750152 3097557 2807255 2697395 2255434 2366752 1881591 1717122 1266368 1001358 
1020358 1280361 1601168 1979333 2333421 2368079 2812186 0 3057475 2729951 2917313 2681947 2521731 2190567 2022149 1576216 1313170 982256 
966792 1298608 1574121 1914134 2292085 2585819 2568056 2983349 0 2966039 2652385 2808675 2425718 2366056 1886781 1597705 1232656 997586 
997586 1232656 1597705 1886781 2366056 2425718 2808675 2652385 2966039 0 2983349 2568056 2585819 2292085 1914134 1574121 1298608 966792 
982256 1313170 1576216 2022149 2190567 2521731 2681947 2917313 2729951 3057475 0 2812186 2368079 2333421 1979333 1601168 1280361 1020358 
1001358 1266368 1717122 1881591 2366752 2255434 2697395 2807255 3097557 2750152 2997026 0 2369898 2288915 2002395 1638254 1301662 1004222 
1010665 1370202 1621379 2108430 2203721 2461148 2497668 2928234 2936614 3180120 2724055 2624268 0 2274886 1995174 1715441 1337996 1082884 
0 1339556 1807016 1980756 2540309 2354177 2841304 2764433 3091435 3020631 2932659 2656152 2466886 0 2085308 1730726 1401455 1088335 
1076038 0 1769832 2300952 2389148 2735045 2715654 3183939 2973318 2987573 3034566 2908334 2513604 2483058 0 1860631 1405477 1165592 
1216756 1425753 0 2235827 2841578 2598804 3166555 2997461 3137152 3068564 3016456 2962314 2795929 2486154 2276884 0 1548062 1132076 
1136765 1531457 1799643 0 2654010 3006285 2946903 3182608 3147017 3243059 3038938 2988554 2705241 2762787 2156949 1985987 0 1222862 
1105827 1429531 1822378 2094845 0 2736190 3097906 3112523 3336286 3159281 3250566 2829125 2798299 2532089 2376459 1767878 1556353 0 
0 1101036 1608316 1804904 2075758 2187889 2643786 2584109 2935326 2753732 2847271 2574333 2456415 2094845 0 1513165 1184755 932327 
932297 0 1554761 2119166 2192409 2479363 2537850 2939925 2792444 3023940 2857708 2778995 2503997 2431255 2005035 0 1341791 1038136 
1139183 1333545 0 2017912 2389052 2572331 2754257 2796659 3139932 2905266 2948760 2767984 2789375 2293873 2305671 1753981 0 1110423 
1088468 1480830 1707976 0 2196520 2620813 2756222 2855521 2836284 3030335 2806272 2971834 2484885 2402866 2041666 1903861 1388271 0 
1083818 1398951 1782933 2053211 0 2476428 2878736 2947418 2841541 2862585 3172715 2653563 2675327 2197637 2170206 1710286 1521368 1076038 
1088335 1418477 1744041 2178040 2305382 0 2751232 3168288 3152023 3165873 2876421 3031844 2450983 2417197 2045953 1841728 1402394 1150148 
1124367 1361850 1740105 2088239 2449531 2554930 0 3003150 3601173 3139494 3119254 2669235 2756595 2218458 2209695 1724057 1443689 1076082 
1067127 1440153 1701015 2088110 2341629 2777922 2860280 0 3088441 3611182 3059693 2962885 2514973 2499458 2002967 1789346 1405741 1110006 
1126213 1376537 1815731 2004002 2251068 2678953 3297145 3037698 0 3002653 3502904 2912815 2717108 2248598 2163190 1694195 1439279 1067404 
1067404 1439279 1694195 2163190 2248598 2717108 2912815 3502904 3002653 0 3037698 3297145 2678953 2251068 2004002 1815731 1376537 1126213 
1110006 1405741 1789346 2002967 2499458 2514973 2962885 3059693 3611182 3088441 0 2860280 2777922 2341629 2088110 1701015 1440153 1067127 
1076082 1443689 1724057 2209695 2218458 2756595 2669235 3119254 3139494 3601173 3003150 0 2554930 2449531 2088239 1740105 1361850 1124367 
1150148 1402394 1841728 2045953 2417197 2450983 3031844 2876421 3165873 3152023 3168288 2751232 0 2305382 2178040 1744041 1418477 1088335 
1076038 1521368 1710286 2170206 2197637 2675327 2653563 3172715 2862585 2841541 2947418 2878736 2476428 0 2053211 1782933 1398951 1083818 
0 1388271 1903861 2041666 2402866 2484885 2971834 2806272 3030335 2836284 2855521 2756222 2620813 2196520 0 1707976 1480830 1088468 
1110423 0 1753981 2305671 2293873 2789375 2767984 2948760 2905266 3139932 2796659 2754257 2572331 2389052 2017912 0 1333545 1139183 
1038136 1341791 0 2005035 2431255 2503997 2778995 2857708 3023940 2792444 2939925 2537850 2479363 2192409 2119166 1554761 0 932297 
932327 1184755 1513165 0 2094845 2456415 2574333 2847271 2753732 2935326 2584109 2643786 2187889 2075758 1804904 1608316 1101036 0 
0 946106 1088488 1466880 1583491 1967224 1991731 2347767 2294916 2382451 2265431 2272839 1957017 1822378 1513165 0 965213 720400 
852894 0 1425824 1557120 1962335 2062733 2396819 2388925 2695132 2577559 2587973 2421321 2300635 2003364 1819379 1501194 0 890085 
897718 1264073 0 1893002 2111002 2370283 2497003 2733543 2680166 2894026 2770454 2620482 2424920 2378331 1883095 1758792 1348634 0 
1094480 1268509 1719981 0 2366012 2524642 2689120 2743227 2823730 2868085 2902407 2718893 2684113 2206106 2099412 1701784 1497280 1110423 
1088468 1438195 1726153 2137847 0 2811391 3009507 2994753 3000015 2969254 2973331 3131278 2615155 2492087 1970098 1927627 1404410 1216756 
1165592 1412538 1800899 2088985 2604636 0 3191500 3296509 3118105 3135040 3245681 2899224 2899102 2409124 2176668 1815362 1517987 1112225 
1136087 1483435 1801323 2139336 2583211 2971489 0 3501804 3517277 3395747 3111632 3144283 2737357 2640430 2108986 1867987 1484079 1215962 
1195839 1450815 1837119 2077887 2477384 2944075 3344255 0 4004177 3521144 3300188 2965318 2900766 2471688 2158451 1869945 1507097 1163598 
1179593 1543366 1821760 2082673 2475337 2744308 3308502 3881179 0 4005400 3478962 3200921 2783077 2418620 2124983 1921259 1506930 1170252 
1170252 1506930 1921259 2124983 2418620 2783077 3200921 3478962 4005400 0 3881179 3308502 2744308 2475337 2082673 1821760 1543366 1179593 
1163598 1507097 1869945 2158451 2471688 2900766 2965318 3300188 3521144 4004177 0 3344255 2944075 2477384 2077887 1837119 1450815 1195839 
1215962 1484079 1867987 2108986 2640430 2737357 3144283 3111632 3395747 3517277 3501804 0 2971489 2583211 2139336 1801323 1483435 1136087 
1112225 1517987 1815362 2176668 2409124 2899102 2899224 3245681 3135040 3118105 3296509 3191500 0 2604636 2088985 1800899 1412538 1165592 
1216756 1404410 1927627 1970098 2492087 2615155 3131278 2973331 2969254 3000015 2994753 3009507 2811391 0 2137847 1726153 1438195 1088468 
1110423 1497280 1701784 2099412 2206106 2684113 2718893 2902407 2868085 2823730 2743227 2689120 2524642 2366012 0 1719981 1268509 1094480 
0 1348634 1758792 1883095 2378331 2424920 2620482 2770454 2894026 2680166 2733543 2497003 2370283 2111002 1893002 0 1264073 897718 
890085 0 1501194 1819379 2003364 2300635 2421321 2587973 2577559 2695132 2388925 2396819 2062733 1962335 1557120 1425824 0 852894 
720400 965213 0 1513165 1822378 1957017 2272839 2265431 2382451 2294916 2347767 1991731 1967224 1583491 1466880 1088488 946106 0 
0 591271 865816 1025680 1371496 1441344 1765102 1745022 1947824 1854314 1917538 1724047 1679612 1429531 1184755 965213 0 530102 
560077 0 945027 1324016 1510057 1848563 1909151 2180272 2120541 2263353 2121063 2119444 1870832 1760158 1477815 1199161 939500 0 
796454 917242 0 1472442 1864899 2046021 2402480 2363814 2606710 2514238 2522892 2353709 2249790 1967742 1842420 1463388 1168966 890085 
897718 1220713 1375916 0 2080157 2406589 2510049 2866439 2824607 2953296 2789345 2694843 2465986 2440066 1908706 1723120 1333386 1038136 
1139183 1331538 1677267 1960101 0 2740032 2977958 2983434 3322944 3131811 3192170 2931173 2955946 2439374 2316703 1739596 1533070 1136765 
1132076 1542235 1750900 2201142 2583917 0 3340013 3402358 3298641 3524494 3206029 3467399 2825966 2799959 2235173 1924235 1514901 1256627 
1302331 1540476 1988598 2224473 2729864 3211686 0 3814244 3690630 3467474 3911172 3205021 3342878 2688894 2367900 1943004 1684882 1240851 
1256565 1688779 1919278 2466034 2676950 3207550 3689829 0 4070264 4119909 3414238 3795925 3027136 2873110 2386188 2021677 1643566 1352012 
1368370 1643905 2080112 2410550 2978939 3069532 3565033 4016335 0 4171174 4077401 3351820 3308824 2810423 2493869 2003189 1744237 1313020 
1313020 1744237 2003189 2493869 2810423 3308824 3351820 4077401 4171174 0 4016335 3565033 3069532 2978939 2410550 2080112 1643905 1368370 
1352012 1643566 2021677 2386188 2873110 3027136 3795925 3414238 4119909 4070264 0 3689829 3207550 2676950 2466034 1919278 1688779 1256565 
1240851 1684882 1943004 2367900 2688894 3342878 3205021 3911172 3467474 3690630 3814244 0 3211686 2729864 2224473 1988598 1540476 1302331 
1256627 1514901 1924235 2235173 2799959 2825966 3467399 3206029 3524494 3298641 3402358 3340013 0 2583917 2201142 1750900 1542235 1132076 
1136765 1533070 1739596 2316703 2439374 2955946 2931173 3192170 3131811 3322944 2983434 2977958 2740032 0 1960101 1677267 1331538 1139183 
1038136 1333386 1723120 1908706 2440066 2465986 2694843 2789345 2953296 2824607 2866439 2510049 2406589 2080157 0 1375916 1220713 897718 
890085 1168966 1463388 1842420 1967742 2249790 2353709 2522892 2514238 2606710 2363814 2402480 2046021 1864899 1472442 0 917242 796454 
0 939500 1199161 1477815 1760158 1870832 2119444 2121063 2263353 2120541 2180272 1909151 1848563 1510057 1324016 945027 0 560077 
530102 0 965213 1184755 1429531 1679612 1724047 1917538 1854314 1947824 1745022 1765102 1441344 1371496 1025680 865816 591271 0 
0 481932 560077 852894 932297 1222862 1256778 1489351 1443203 1557585 1428413 1433683 1262641 1105827 932327 720400 530102 0 
481932 0 809677 936099 1337961 1362794 1718858 1671919 1877022 1817260 1866101 1686044 1626936 1424993 1169495 984178 737296 530102 
560077 809677 0 1326857 1478469 1936829 1963581 2283423 2210907 2358903 2227632 2207987 1940367 1799150 1523090 1253970 984178 720400 
852894 936099 1326857 0 1977013 2097042 2539212 2563073 2876313 2692177 2784886 2583025 2421336 2119578 1903550 1523090 1169495 932327 
932297 1337961 1478469 1977013 0 2719583 2847358 3188352 3116925 3366389 3099504 3038191 2771748 2682198 2119578 1799150 1424993 1105827 
1222862 1362794 1936829 2097042 2719583 0 3440479 3434434 3644635 3517621 3637678 3317672 3343630 2771748 2421336 1940367 1626936 1262641 
1256778 1718858 1963581 2539212 2847358 3440479 0 3977743 3917252 3999187 3800518 4075428 3317672 3038191 2583025 2207987 1686044 1433683 
1489351 1671919 2283423 2563073 3188352 3434434 3977743 0 4397157 4166145 4507437 3800518 3637678 3099504 2784886 2227632 1866101 1428413 
1443203 1877022 2210907 2876313 3116925 3644635 3917252 4397157 0 4923543 4166145 3999187 3517621 3366389 2692177 2358903 1817260 1557585 
1557585 1817260 2358903 2692177 3366389 3517621 3999187 4166145 4923543 0 4397157 3917252 3644635 3116925 2876313 2210907 1877022 1443203 
1428413 1866101 2227632 2784886 3099504 3637678 3800518 4507437 4166145 4397157 0 3977743 3434434 3188352 2563073 2283423 1671919 1489351 
1433683 1686044 2207987 2583025 3038191 3317672 4075428 3800518 3999187 3917252 3977743 0 3440479 2847358 2539212 1963581 1718858 1256778 
1262641 1626936 1940367 2421336 2771748 3343630 3317672 3637678 3517621 3644635 3434434 3440479 0 2719583 2097042 1936829 1362794 1222862 
1105827 1424993 1799150 2119578 2682198 2771748 3038191 3099504 3366389 3116925 3188352 2847358 2719583 0 1977013 1478469 1337961 932297 
932327 1169495 1523090 1903550 2119578 2421336 2583025 2784886 2692177 2876313 2563073 2539212 2097042 1977013 0 1326857 936099 852894 
720400 984178 1253970 1523090 1799150 1940367 2207987 2227632 2358903 2210907 2283423 1963581 1936829 1478469 1326857 0 809677 560077 
530102 737296 984178 1169495 1424993 1626936 1686044 1866101 1817260 1877022 1671919 1718858 1362794 1337961 936099 809677 0 481932 
0 530102 720400 932327 1105827 1262641 1433683 1428413 1557585 1443203 1489351 1256778 1222862 932297 852894 560077 481932 0 
