14 365596
0 422 545 1021 972 1437 1287 1454 1250 1294 944 790 476 0 
422 0 986 1016 1693 1563 1888 1805 1787 1598 1381 1167 706 476 
545 986 0 1877 1989 2351 2619 2739 2212 2240 1989 1520 1167 790 
1021 1016 1877 0 2601 2547 2981 2932 3002 2741 2462 1989 1381 944 
972 1693 1989 2601 0 3526 3300 3441 3315 3453 2741 2240 1598 1294 
1437 1563 2351 2547 3526 0 4189 3548 4033 3315 3002 2212 1787 1250 
1287 1888 2619 2981 3300 4189 0 4794 3548 3441 2932 2739 1805 1454 
1454 1805 2739 2932 3441 3548 4794 0 4189 3300 2981 2619 1888 1287 
1250 1787 2212 3002 3315 4033 3548 4189 0 3526 2547 2351 1563 1437 
1294 1598 2240 2741 3453 3315 3441 3300 3526 0 2601 1989 1693 972 
944 1381 1989 2462 2741 3002 2932 2981 2547 2601 0 1877 1016 1021 
790 1167 1520 1989 2240 2212 2739 2619 2351 1989 1877 0 986 545 
476 706 1167 1381 1598 1787 1805 1888 1563 1693 1016 986 0 422 
0 476 790 944 1294 1250 1454 1287 1437 972 1021 545 422 0 
