16 14772512
0 13448 18018 25653 30736 37144 38993 43943 44128 41942 40087 34961 29442 21369 16364 0 
13448 0 25462 30768 41625 44638 50295 51733 56305 53108 48729 46247 37810 31347 21652 16364 
18018 25462 0 42893 50340 61434 65474 68459 68575 69170 64632 56335 50405 42450 31347 21369 
25653 30768 42893 0 65583 70640 81546 83868 83052 81592 77422 70287 62038 50405 37810 29442 
30736 41625 50340 65583 0 89210 93798 97185 100173 93447 91274 89561 70287 56335 46247 34961 
37144 44638 61434 70640 89210 0 107584 106763 107932 106755 106036 91274 77422 64632 48729 40087 
38993 50295 65474 81546 93798 107584 0 122729 117633 125196 106755 93447 81592 69170 53108 41942 
43943 51733 68459 83868 97185 106763 122729 0 138353 117633 107932 100173 83052 68575 56305 44128 
44128 56305 68575 83052 100173 107932 117633 138353 0 122729 106763 97185 83868 68459 51733 43943 
41942 53108 69170 81592 93447 106755 125196 117633 122729 0 107584 93798 81546 65474 50295 38993 
40087 48729 64632 77422 91274 106036 106755 107932 106763 107584 0 89210 70640 61434 44638 37144 
34961 46247 56335 70287 89561 91274 93447 100173 97185 93798 89210 0 65583 50340 41625 30736 
29442 37810 50405 62038 70287 77422 81592 83052 83868 81546 70640 65583 0 42893 30768 25653 
21369 31347 42450 50405 56335 64632 69170 68575 68459 65474 61434 50340 42893 0 25462 18018 
16364 21652 31347 37810 46247 48729 53108 56305 51733 50295 44638 41625 30768 25462 0 13448 
0 16364 21369 29442 34961 40087 41942 44128 43943 38993 37144 30736 25653 18018 13448 0 
