17 95815104
0 66864 108276 128535 185608 195224 240637 234803 265447 242574 251413 217078 201221 166966 128967 96159 0 
66864 0 119298 165128 205028 249449 267153 285306 297136 293953 284111 264519 244038 197453 170538 115612 96159 
108276 119298 0 207725 283674 315564 378423 367922 407849 378887 384009 343686 324545 265868 237976 170538 128967 
128535 165128 207725 0 316944 376733 412792 460685 466760 460980 437638 405098 371301 332102 265868 197453 166966 
185608 205028 283674 316944 0 447187 524453 509240 581642 534085 538947 473278 473518 371301 324545 244038 201221 
195224 249449 315564 376733 447187 0 570508 595374 591435 605980 566588 569410 473278 405098 343686 264519 217078 
240637 267153 378423 412792 524453 570508 0 645676 696615 630512 717516 566588 538947 437638 384009 284111 251413 
234803 285306 367922 460685 509240 595374 645676 0 706230 745988 630512 605980 534085 460980 378887 293953 242574 
265447 297136 407849 466760 581642 591435 696615 706230 0 706230 696615 591435 581642 466760 407849 297136 265447 
242574 293953 378887 460980 534085 605980 630512 745988 706230 0 645676 595374 509240 460685 367922 285306 234803 
251413 284111 384009 437638 538947 566588 717516 630512 696615 645676 0 570508 524453 412792 378423 267153 240637 
217078 264519 343686 405098 473278 569410 566588 605980 591435 595374 570508 0 447187 376733 315564 249449 195224 
201221 244038 324545 371301 473518 473278 538947 534085 581642 509240 524453 447187 0 316944 283674 205028 185608 
166966 197453 265868 332102 371301 405098 437638 460980 466760 460685 412792 376733 316944 0 207725 165128 128535 
128967 170538 237976 265868 324545 343686 384009 378887 407849 367922 378423 315564 283674 207725 0 119298 108276 
96159 115612 170538 197453 244038 264519 284111 293953 297136 285306 267153 249449 205028 165128 119298 0 66864 
0 96159 128967 166966 201221 217078 251413 242574 265447 234803 240637 195224 185608 128535 108276 66864 0 
