15 2279184
0 1902 3258 4401 5603 6420 7005 7545 7612 7039 6201 5305 4115 3110 0 
1902 0 3799 6535 7196 9341 9060 10681 9613 10116 8344 7793 5826 4840 3110 
3258 3799 0 7343 9983 11086 11865 12589 12468 11916 11033 9620 7862 5826 4115 
4401 6535 7343 0 11710 15065 14203 16958 14975 15726 13536 13864 9620 7793 5305 
5603 7196 9983 11710 0 15848 18105 17217 17644 16434 16442 13536 11033 8344 6201 
6420 9341 11086 15065 15848 0 19040 22566 19051 21516 16434 15726 11916 10116 7039 
7005 9060 11865 14203 18105 19040 0 21813 23840 19051 17644 14975 12468 9613 7612 
7545 10681 12589 16958 17217 22566 21813 0 21813 22566 17217 16958 12589 10681 7545 
7612 9613 12468 14975 17644 19051 23840 21813 0 19040 18105 14203 11865 9060 7005 
7039 10116 11916 15726 16434 21516 19051 22566 19040 0 15848 15065 11086 9341 6420 
6201 8344 11033 13536 16442 16434 17644 17217 18105 15848 0 11710 9983 7196 5603 
5305 7793 9620 13864 13536 15726 14975 16958 14203 15065 11710 0 7343 6535 4401 
4115 5826 7862 9620 11033 11916 12468 12589 11865 11086 9983 7343 0 3799 3258 
3110 4840 5826 7793 8344 10116 9613 10681 9060 9341 7196 6535 3799 0 1902 
0 3110 4115 5305 6201 7039 7612 7545 7005 6420 5603 4401 3258 1902 0 
