18 666090624
0 481932 560077 852894 932297 1222862 1256778 1489351 1443203 1557585 1428413 1433683 1262641 1105827 932327 720400 530102 0 
481932 0 809677 936099 1337961 1362794 1718858 1671919 1877022 1817260 1866101 1686044 1626936 1424993 1169495 984178 737296 530102 
560077 809677 0 1326857 1478469 1936829 1963581 2283423 2210907 2358903 2227632 2207987 1940367 1799150 1523090 1253970 984178 720400 
852894 936099 1326857 0 1977013 2097042 2539212 2563073 2876313 2692177 2784886 2583025 2421336 2119578 1903550 1523090 1169495 932327 
932297 1337961 1478469 1977013 0 2719583 2847358 3188352 3116925 3366389 3099504 3038191 2771748 2682198 2119578 1799150 1424993 1105827 
1222862 1362794 1936829 2097042 2719583 0 3440479 3434434 3644635 3517621 3637678 3317672 3343630 2771748 2421336 1940367 1626936 1262641 
1256778 1718858 1963581 2539212 2847358 3440479 0 3977743 3917252 3999187 3800518 4075428 3317672 3038191 2583025 2207987 1686044 1433683 
1489351 1671919 2283423 2563073 3188352 3434434 3977743 0 4397157 4166145 4507437 3800518 3637678 3099504 2784886 2227632 1866101 1428413 
1443203 1877022 2210907 2876313 3116925 3644635 3917252 4397157 0 4923543 4166145 3999187 3517621 3366389 2692177 2358903 1817260 1557585 
1557585 1817260 2358903 2692177 3366389 3517621 3999187 4166145 4923543 0 4397157 3917252 3644635 3116925 2876313 2210907 1877022 1443203 
1428413 1866101 2227632 2784886 3099504 3637678 3800518 4507437 4166145 4397157 0 3977743 3434434 3188352 2563073 2283423 1671919 1489351 
1433683 1686044 2207987 2583025 3038191 3317672 4075428 3800518 3999187 3917252 3977743 0 3440479 2847358 2539212 1963581 1718858 1256778 
1262641 1626936 1940367 2421336 2771748 3343630 3317672 3637678 3517621 3644635 3434434 3440479 0 2719583 2097042 1936829 1362794 1222862 
1105827 1424993 1799150 2119578 2682198 2771748 3038191 3099504 3366389 3116925 3188352 2847358 2719583 0 1977013 1478469 1337961 932297 
932327 1169495 1523090 1903550 2119578 2421336 2583025 2784886 2692177 2876313 2563073 2539212 2097042 1977013 0 1326857 936099 852894 
720400 984178 1253970 1523090 1799150 1940367 2207987 2227632 2358903 2210907 2283423 1963581 1936829 1478469 1326857 0 809677 560077 
530102 737296 984178 1169495 1424993 1626936 1686044 1866101 1817260 1877022 1671919 1718858 1362794 1337961 936099 809677 0 481932 
0 530102 720400 932327 1105827 1262641 1433683 1428413 1557585 1443203 1489351 1256778 1222862 932297 852894 560077 481932 0 
