12 14200
0 24 42 42 53 72 64 86 52 31 34 0 
24 0 62 71 95 108 105 90 98 81 38 34 
42 62 0 124 121 153 142 155 122 132 81 31 
42 71 124 0 197 139 168 174 172 122 98 52 
53 95 121 197 0 233 187 240 174 155 90 86 
72 108 153 139 233 0 268 187 168 142 105 64 
64 105 142 168 187 268 0 233 139 153 108 72 
86 90 155 174 240 187 233 0 197 121 95 53 
52 98 122 172 174 168 139 197 0 124 71 42 
31 81 132 122 155 142 153 121 124 0 62 42 
34 38 81 98 90 105 108 95 71 62 0 24 
0 34 31 52 86 64 72 53 42 42 24 0 
